id:,3,Ea:,32.58,Erxn:,32.12,BD,7,-0.96375,5,-0.17097,0.819,1.8,5.4,BD*,7,-0.96375,5,-0.17097,0.181,1.8,5.4,LP,7,-1.12912,0,0,0,2.9,0.0,LP*,5,0.28239,0,0,0,3.7,0.0
id:,6,Ea:,38.80,Erxn:,-1.16,BD,7,-0.96375,1,0.43684,0.7216,3.6,0.0,BD,5,-0.17097,1,-0.05859,0.4689,2.5,0.0,BD*,7,-0.96375,1,0.43684,0.2784,3.6,0.0,BD*,5,-0.17097,1,-0.05859,0.5311,2.5,0.0,BD,1,0.00227,1,-0.00125,0.4991,0.0,0.0,BD*,1,0.00227,1,-0.00125,0.5009,0.0,0.0
id:,18,Ea:,79.00,Erxn:,39.40,BD,7,-1.06602,1,0.4137,0.7112,2.8,0.0,BD,5,0.40688,1,-0.08413,0.4552,1.8,0.0,BD*,7,-1.06602,1,0.4137,0.2888,2.8,0.0,BD*,5,0.40688,1,-0.08413,0.5448,1.8,0.0,BD,1,-0.00705,1,0.00413,0.5028,0.0,0.0,BD*,1,-0.00705,1,0.00413,0.4972,0.0,0.0
id:,17,Ea:,116.78,Erxn:,108.57,BD,5,0.40688,1,-0.08413,0.4552,1.8,0.0,BD*,5,0.40688,1,-0.08413,0.5448,1.8,0.0,BD,7,-1.09974,1,0.43721,0.7227,3.7,0.0,LP,5,0.03771,0,0,0,0.3,0.0,LP*,5,0.03771,0,0,0,1.0,0.0,BD*,7,-1.09974,1,0.43721,0.2773,3.7,0.0
id:,28,Ea:,119.59,Erxn:,114.84
id:,33,Ea:,80.22,Erxn:,45.28,BD,6,0.64111,1,0.15425,0.5929,1.7,0.0,BD*,6,0.64111,1,0.15425,0.4071,1.7,0.0,BD,8,-0.7534,1,0.51983,0.7632,3.6,0.0,LP,6,0.47058,0,0,0,0.6,0.0,BD*,8,-0.7534,1,0.51983,0.2368,3.6,0.0
id:,34,Ea:,134.69,Erxn:,90.32,BD,8,-0.71243,1,0.50106,0.7585,3.6,0.0,BD*,8,-0.71243,1,0.50106,0.2415,3.6,0.0,BD,6,0.18884,1,0.19214,0.6059,2.1,0.0,BD,8,-0.28659,8,-0.2866,0.5,0.0,0.0,BD*,6,0.18884,1,0.19214,0.3941,2.1,0.0,BD*,8,-0.28659,8,-0.2866,0.5,0.0,0.0
id:,57,Ea:,73.52,Erxn:,19.31,BD,6,0.64111,8,-0.71243,0.3097,2.4,2.0,BD,6,0.64111,1,0.15425,0.5929,1.7,0.0,BD*,6,0.64111,8,-0.71243,0.6903,2.4,2.0,BD*,6,0.64111,1,0.15425,0.4071,1.7,0.0,BD,8,-0.9511,1,0.47575,0.7396,3.4,0.0,LP,6,0.48747,0,0,0,0.3,0.0,BD*,8,-0.9511,1,0.47575,0.2604,3.4,0.0
id:,103,Ea:,36.35,Erxn:,36.97,BD,7,-0.96344,5,-0.16587,0.8257,1.8,5.9,BD,5,-0.16587,1,-0.05343,0.4707,2.5,0.0,BD,7,-0.96349,5,-0.16528,0.8258,1.8,5.9,BD,5,-0.16528,1,-0.05066,0.4724,2.4,0.0,BD*,7,-0.96344,5,-0.16587,0.1743,1.8,5.9,BD*,5,-0.16587,1,-0.05343,0.5293,2.5,0.0,BD*,7,-0.96349,5,-0.16528,0.1742,1.8,5.9,BD*,5,-0.16528,1,-0.05066,0.5276,2.4,0.0,LP,7,-1.12688,0,0,0,2.9,0.0,LP,1,0.12655,0,0,0,0.0,0.0,LP,7,-1.12148,0,0,0,3.1,0.0,LP,1,0.14766,0,0,0,0.0,0.0,LP*,5,-0.22675,0,0,0,1.6,0.0,LP*,5,-0.22675,0,0,0,0.0,0.0,LP*,5,-0.12403,0,0,0,1.7,0.0,LP*,5,-0.12403,0,0,0,1.0,0.0
id:,255,Ea:,35.45,Erxn:,35.30,BD,7,-0.97913,5,-0.16677,0.8267,1.8,5.6,BD*,7,-0.97913,5,-0.16677,0.1733,1.8,5.6,LP,7,-1.15804,0,0,0,3.4,0.0,LP*,5,0.29644,0,0,0,0.0,0.0
id:,121,Ea:,30.19,Erxn:,27.44,BD,7,-0.96108,5,-0.18446,0.8207,1.7,5.6,BD,7,-0.96198,5,-0.15947,0.8215,1.8,5.5,BD*,7,-0.96108,5,-0.18446,0.1793,1.7,5.6,BD*,7,-0.96198,5,-0.15947,0.1785,1.8,5.5,LP,7,-1.12896,0,0,0,3.0,0.0,LP,7,-0.97908,0,0,0,0.0,0.0,LP*,5,-0.26899,0,0,0,0.0,0.0,LP*,5,0.04851,0,0,0,5.2,0.0
id:,163,Ea:,68.69,Erxn:,34.00,BD,7,-0.96036,1,0.44764,0.7278,3.4,0.0,BD,7,-0.95973,5,-0.20121,0.8094,1.8,5.2,BD,5,-0.20121,1,-0.06462,0.4651,2.5,0.0,BD*,7,-0.96036,1,0.44764,0.2722,3.4,0.0,BD*,7,-0.95973,5,-0.20121,0.1906,1.8,5.2,BD*,5,-0.20121,1,-0.06462,0.5349,2.5,0.0,BD,7,-1.00382,5,0.12477,0.7614,2.1,2.8,LP,1,0.1555,0,0,0,0.0,0.0,LP,7,-1.14403,0,0,0,3.1,0.0,LP*,5,0.12477,0,0,0,9.7,0.0,LP*,1,0.19169,0,0,0,0.0,0.0,BD*,7,-1.00382,5,0.12477,0.2386,2.1,2.8
id:,181,Ea:,46.88,Erxn:,16.81,BD,7,-0.95115,1,0.42263,0.7156,3.4,0.0,BD,7,-0.96611,5,-0.18548,0.8152,1.8,5.4,BD*,7,-0.95115,1,0.42263,0.2844,3.4,0.0,BD*,7,-0.96611,5,-0.18548,0.1848,1.8,5.4,BD,7,-0.96872,5,-0.15588,0.7787,2.0,3.9,BD,1,0.47282,7,-1.02611,0.2241,0.0,2.7,BD*,7,-0.96872,5,-0.15588,0.2213,2.0,3.9,BD*,1,0.47282,7,-1.02611,0.7759,0.0,2.7
id:,190,Ea:,74.93,Erxn:,14.53,BD,7,-0.96316,1,0.44101,0.7237,3.6,0.0,BD,5,-0.16313,1,-0.04898,0.4728,2.5,0.0,BD,7,-0.96373,5,-0.1664,0.8233,1.8,5.7,BD,5,-0.1664,1,-0.07641,0.46,2.6,0.0,BD*,7,-0.96316,1,0.44101,0.2763,3.6,0.0,BD*,5,-0.16313,1,-0.04898,0.5272,2.5,0.0,BD*,7,-0.96373,5,-0.1664,0.1767,1.8,5.7,BD*,5,-0.1664,1,-0.07641,0.54,2.6,0.0,BD,7,-0.98774,5,0.02322,0.7813,2.6,4.9,BD,1,-0.02264,1,0.02374,0.5116,0.0,0.0,LP,1,0.09695,0,0,0,0.0,0.0,LP,7,-1.12686,0,0,0,2.9,0.0,LP*,5,0.01759,0,0,0,4.1,0.0,LP*,5,0.02322,0,0,0,4.3,0.0,BD*,7,-0.98774,5,0.02322,0.2187,2.6,4.9,BD*,1,-0.02264,1,0.02374,0.4884,0.0,0.0
id:,203,Ea:,116.49,Erxn:,13.20,BD,5,-0.15791,1,-0.10099,0.4477,2.6,0.0,BD,7,-0.9591,5,-0.17498,0.8131,1.8,5.2,BD,7,-0.9591,1,0.4495,0.7281,3.5,0.0,BD*,5,-0.15791,1,-0.10099,0.5523,2.6,0.0,BD*,7,-0.9591,5,-0.17498,0.1869,1.8,5.2,BD*,7,-0.9591,1,0.4495,0.2719,3.5,0.0,BD,5,0.23079,7,-1.01213,0.2139,3.9,2.0,BD,1,0.44363,7,-1.01213,0.2763,0.0,3.7,BD,5,-0.63136,1,-0.10014,0.4391,3.3,0.0,BD*,5,0.23079,7,-1.01213,0.7861,3.9,2.0,BD*,1,0.44363,7,-1.01213,0.7237,0.0,3.7,BD*,5,-0.63136,1,-0.10014,0.5609,3.3,0.0
id:,214,Ea:,68.64,Erxn:,39.04,BD,7,-0.95868,1,0.45514,0.7317,3.3,0.0,BD,7,-0.95658,5,-0.22582,0.8096,1.8,5.2,BD,5,-0.22582,1,-0.03151,0.4822,2.5,0.0,BD*,7,-0.95868,1,0.45514,0.2683,3.3,0.0,BD*,7,-0.95658,5,-0.22582,0.1904,1.8,5.2,BD*,5,-0.22582,1,-0.03151,0.5178,2.5,0.0,BD,7,-1.0243,5,0.23577,0.7662,2.0,2.7,BD,1,0.16345,1,0.08962,0.4777,0.0,0.0,LP,7,-1.13453,0,0,0,3.0,0.0,LP*,5,0.23577,0,0,0,0.0,0.0,BD*,7,-1.0243,5,0.23577,0.2338,2.0,2.7,BD*,1,0.16345,1,0.08962,0.5223,0.0,0.0
id:,226,Ea:,47.79,Erxn:,7.36,BD,7,-0.97764,1,0.43248,0.7198,3.6,0.0,BD,5,-0.16887,1,-0.05665,0.4696,2.5,0.0,BD*,7,-0.97764,1,0.43248,0.2802,3.6,0.0,BD*,5,-0.16887,1,-0.05665,0.5304,2.5,0.0,BD,1,-0.00268,1,0.0041,0.5017,0.0,0.0,BD*,1,-0.00268,1,0.0041,0.4983,0.0,0.0
id:,223,Ea:,53.81,Erxn:,12.48,BD,7,-0.96108,1,0.46193,0.7366,3.4,0.0,BD,5,-0.18686,1,-0.05898,0.4685,2.6,0.0,BD,7,-0.96155,1,0.46124,0.7372,3.3,0.0,BD,5,-0.18726,1,-0.07405,0.4598,2.6,0.0,BD*,7,-0.96108,1,0.46193,0.2634,3.4,0.0,BD*,5,-0.18686,1,-0.05898,0.5315,2.6,0.0,BD*,7,-0.96155,1,0.46124,0.2628,3.3,0.0,BD*,5,-0.18726,1,-0.07405,0.5402,2.6,0.0,BD,1,-0.00208,1,0.00207,0.501,0.0,0.0,BD,1,-0.00053,1,0.00227,0.5007,0.0,0.0,BD*,1,-0.00208,1,0.00207,0.499,0.0,0.0,BD*,1,-0.00053,1,0.00227,0.4993,0.0,0.0
id:,270,Ea:,54.43,Erxn:,-1.49,BD,5,0.35747,1,-0.06984,0.4619,1.8,0.0,BD,7,-0.95682,1,0.43533,0.7232,3.4,0.0,BD*,5,0.35747,1,-0.06984,0.5381,1.8,0.0,BD*,7,-0.95682,1,0.43533,0.2768,3.4,0.0,BD,5,0.77675,7,-1.03585,0.2264,2.3,2.0,BD,1,-0.02433,1,0.02318,0.5119,0.0,0.0,BD*,5,0.77675,7,-1.03585,0.7736,2.3,2.0,BD*,1,-0.02433,1,0.02318,0.4881,0.0,0.0
id:,372,Ea:,25.46,Erxn:,6.58,BD,7,-0.96091,5,-0.18307,0.8157,1.8,5.3,BD,5,-0.18307,1,-0.05539,0.4705,2.5,0.0,BD*,7,-0.96091,5,-0.18307,0.1843,1.8,5.3,BD*,5,-0.18307,1,-0.05539,0.5295,2.5,0.0,BD,7,-0.98908,5,0.02284,0.7846,2.8,5.3,LP,7,-1.12693,0,0,0,3.0,0.0,LP,1,0.11087,0,0,0,0.0,0.0,LP*,5,0.01867,0,0,0,4.0,0.0,LP*,5,0.02284,0,0,0,3.9,0.0,BD*,7,-0.98908,5,0.02284,0.2154,2.8,5.3
id:,480,Ea:,27.48,Erxn:,18.54,BD,7,-1.0706,5,0.40859,0.7643,1.1,2.4,BD,7,-1.0706,5,0.40859,0.8535,0.0,0.0,BD,5,0.40859,1,-0.06567,0.464,1.7,0.0,BD,7,-0.96271,5,-0.16646,0.8195,1.8,5.4,BD*,7,-1.0706,5,0.40859,0.2357,1.1,2.4,BD*,7,-1.0706,5,0.40859,0.1465,0.0,0.0,BD*,5,0.40859,1,-0.06567,0.536,1.7,0.0,BD*,7,-0.96271,5,-0.16646,0.1805,1.8,5.4,BD,1,0.12311,5,-0.34278,0.573,0.0,3.6,LP,7,-1.08592,0,0,0,0.0,0.0,LP,7,-1.08592,0,0,0,0.0,0.0,LP,7,-1.12851,0,0,0,3.0,0.0,LP*,5,0.29659,0,0,0,2.3,0.0,LP*,5,0.29659,0,0,0,0.0,0.0,LP*,5,0.29659,0,0,0,1.5,0.0,BD*,1,0.12311,5,-0.34278,0.427,0.0,3.6
id:,277,Ea:,82.94,Erxn:,46.07,BD,7,-1.05562,1,0.43114,0.72,2.6,0.0,BD,5,0.39521,1,-0.08598,0.4544,1.8,0.0,BD*,7,-1.05562,1,0.43114,0.28,2.6,0.0,BD*,5,0.39521,1,-0.08598,0.5456,1.8,0.0,BD,1,-0.022,1,0.02103,0.5108,0.0,0.0,BD*,1,-0.022,1,0.02103,0.4892,0.0,0.0
id:,279,Ea:,46.70,Erxn:,26.38,BD,5,0.42298,1,-0.07456,0.4597,1.8,0.0,BD,5,-0.16786,1,-0.05447,0.4678,2.5,0.0,BD*,5,0.42298,1,-0.07456,0.5403,1.8,0.0,BD*,5,-0.16786,1,-0.05447,0.5322,2.5,0.0,BD,5,0.39956,5,-0.28927,0.4826,1.4,2.0,BD,1,0.00536,1,-0.00296,0.4979,0.0,0.0,BD*,5,0.39956,5,-0.28927,0.5174,1.4,2.0,BD*,1,0.00536,1,-0.00296,0.5021,0.0,0.0
id:,467,Ea:,57.44,Erxn:,30.33,BD,5,-0.17313,1,-0.05771,0.4692,2.5,0.0,BD*,5,-0.17313,1,-0.05771,0.5308,2.5,0.0,BD,7,-0.95564,1,0.42254,0.7152,3.7,0.0,BD,5,-0.20278,5,-0.20605,0.5,1.9,1.9,BD*,7,-0.95564,1,0.42254,0.2848,3.7,0.0,BD*,5,-0.20278,5,-0.20605,0.5,1.9,1.9
id:,548,Ea:,32.09,Erxn:,31.83,BD,7,-0.97358,5,-0.17042,0.8232,1.8,5.5,BD*,7,-0.97358,5,-0.17042,0.1768,1.8,5.5,LP,7,-1.14329,0,0,0,3.2,0.0,LP*,5,0.29597,0,0,0,0.0,0.0
id:,321,Ea:,6.20,Erxn:,5.70,LP,7,-1.14912,0,0,0,9.6,0.0,LP*,5,0.22421,0,0,0,0.0,0.0
id:,328,Ea:,35.52,Erxn:,4.70,BD,5,0.40186,1,-0.09056,0.4521,1.8,0.0,BD,7,-0.96364,1,0.43857,0.7225,3.6,0.0,BD,5,-0.15754,1,-0.06068,0.4653,2.5,0.0,BD*,5,0.40186,1,-0.09056,0.5479,1.8,0.0,BD*,7,-0.96364,1,0.43857,0.2775,3.6,0.0,BD*,5,-0.15754,1,-0.06068,0.5347,2.5,0.0,BD,5,0.40771,1,-0.08204,0.456,1.8,0.0,BD,1,-0.00749,1,0.0032,0.5027,0.0,0.0,BD*,5,0.40771,1,-0.08204,0.544,1.8,0.0,BD*,1,-0.00749,1,0.0032,0.4973,0.0,0.0
id:,337,Ea:,131.61,Erxn:,116.94,BD,7,-1.07232,5,0.38171,0.7619,1.1,2.4,BD,7,-1.07232,5,0.38171,0.8487,0.0,0.0,BD,5,0.38171,1,-0.0695,0.4625,1.8,0.0,BD*,7,-1.07232,5,0.38171,0.2381,1.1,2.4,BD*,7,-1.07232,5,0.38171,0.1513,0.0,0.0,BD*,5,0.38171,1,-0.0695,0.5375,1.8,0.0,BD,7,-1.16559,1,0.39691,0.7101,2.6,0.0,LP,7,-1.16559,0,0,0,3.4,0.0,LP,5,0.34011,0,0,0,0.1,0.0,LP*,5,0.34011,0,0,0,0.0,0.0,LP*,5,0.34011,0,0,0,6.2,0.0,BD*,7,-1.16559,1,0.39691,0.2899,2.6,0.0
id:,341,Ea:,35.03,Erxn:,16.17,BD,7,-1.07842,5,0.41593,0.7639,1.0,2.3,BD,7,-1.07842,5,0.41593,0.8627,0.0,1.0,BD,7,-0.96131,1,0.43566,0.7211,3.6,0.0,BD,5,-0.16946,1,-0.05417,0.4687,2.5,0.0,BD*,7,-1.07842,5,0.41593,0.2361,1.0,2.3,BD*,7,-1.07842,5,0.41593,0.1373,0.0,1.0,BD*,7,-0.96131,1,0.43566,0.2789,3.6,0.0,BD*,5,-0.16946,1,-0.05417,0.5313,2.5,0.0,BD,7,-1.0003,1,0.44771,0.7275,2.4,0.0,BD,5,-0.24361,1,-0.02202,0.4867,2.1,0.0,LP,7,-1.0003,0,0,0,7.3,0.0,LP,7,-1.1558,0,0,0,8.9,0.0,LP*,5,-0.24361,0,0,0,0.0,0.0,LP*,5,0.49253,0,0,0,6.4,0.0,BD*,7,-1.0003,1,0.44771,0.2725,2.4,0.0,BD*,5,-0.24361,1,-0.02202,0.5133,2.1,0.0
id:,361,Ea:,57.68,Erxn:,48.30,BD,7,-1.06941,5,0.42285,0.7631,1.0,2.3,BD,7,-1.06941,5,0.42285,0.8567,1.0,0.0,BD,5,-0.17214,1,-0.05637,0.4701,2.4,0.0,BD*,7,-1.06941,5,0.42285,0.2369,1.0,2.3,BD*,7,-1.06941,5,0.42285,0.1433,1.0,0.0,BD*,5,-0.17214,1,-0.05637,0.5299,2.4,0.0,BD,7,-1.11149,1,0.38294,0.693,2.7,0.0,BD,5,0.07272,5,-0.34038,0.4699,1.5,1.9,LP,7,-1.11149,0,0,0,3.3,0.0,LP*,5,0.07272,0,0,0,0.0,0.0,BD*,7,-1.11149,1,0.38294,0.307,2.7,0.0,BD*,5,0.07272,5,-0.34038,0.5301,1.5,1.9
id:,378,Ea:,81.87,Erxn:,66.44,BD,7,-1.07035,1,0.41142,0.7104,2.8,0.0,BD,5,0.41953,1,-0.06877,0.4615,1.7,0.0,BD,7,-0.9603,5,-0.19119,0.8181,1.7,5.5,BD,5,-0.19119,1,-0.05499,0.4704,2.5,0.0,BD*,7,-1.07035,1,0.41142,0.2896,2.8,0.0,BD*,5,0.41953,1,-0.06877,0.5385,1.7,0.0,BD*,7,-0.9603,5,-0.19119,0.1819,1.7,5.5,BD*,5,-0.19119,1,-0.05499,0.5296,2.5,0.0,BD,1,0.01348,5,-0.44136,0.5016,0.0,2.5,LP,1,0.17375,0,0,0,0.0,0.0,LP,7,-1.14466,0,0,0,3.1,0.0,LP*,5,-0.44136,0,0,0,8.1,0.0,LP*,1,0.22499,0,0,0,0.0,0.0,BD*,1,0.01348,5,-0.44136,0.4984,0.0,2.5
id:,408,Ea:,33.74,Erxn:,-3.66,BD,7,-0.961,5,-0.1647,0.8143,1.8,5.2,BD*,7,-0.961,5,-0.1647,0.1857,1.8,5.2,BD,7,-1.00692,5,-0.17104,0.8016,2.3,4.7,BD,5,0.25015,7,-0.98189,0.1962,4.3,1.8,BD*,7,-1.00692,5,-0.17104,0.1984,2.3,4.7,BD*,5,0.25015,7,-0.98189,0.8038,4.3,1.8
id:,468,Ea:,31.70,Erxn:,31.60,BD,7,-0.96228,5,-0.17826,0.8198,1.8,5.5,BD*,7,-0.96228,5,-0.17826,0.1802,1.8,5.5,LP,7,-1.05385,0,0,0,1.0,0.0,LP,7,-1.1251,0,0,0,2.8,0.0,LP*,5,0.55607,0,0,0,0.0,0.0,LP*,5,-0.28101,0,0,0,0.0,0.0
id:,510,Ea:,81.84,Erxn:,44.65,BD,7,-1.06149,1,0.43525,0.7234,2.6,0.0,BD,5,0.39,1,-0.08848,0.4532,1.8,0.0,BD,7,-0.96318,1,0.44077,0.7235,3.6,0.0,BD,5,-0.17902,1,-0.05459,0.4708,2.5,0.0,BD*,7,-1.06149,1,0.43525,0.2766,2.6,0.0,BD*,5,0.39,1,-0.08848,0.5468,1.8,0.0,BD*,7,-0.96318,1,0.44077,0.2765,3.6,0.0,BD*,5,-0.17902,1,-0.05459,0.5292,2.5,0.0,BD,1,-0.01259,1,0.00902,0.5055,0.0,0.0,BD,1,0.00755,1,-0.00684,0.4963,0.0,0.0,BD*,1,-0.01259,1,0.00902,0.4945,0.0,0.0,BD*,1,0.00755,1,-0.00684,0.5037,0.0,0.0
id:,715,Ea:,118.36,Erxn:,96.72,BD,7,-0.61512,7,-0.61452,0.4999,3.9,3.9,BD,5,-0.1248,5,-0.12649,0.5,1.9,1.9,BD*,7,-0.61512,7,-0.61452,0.5001,3.9,3.9,BD*,5,-0.1248,5,-0.12649,0.5,1.9,1.9
id:,574,Ea:,11.38,Erxn:,-14.48,BD,7,-1.0269,5,0.2699,0.7924,2.5,3.9,BD,5,0.26986,7,-1.02686,0.2077,3.9,2.5,BD*,7,-1.0269,5,0.2699,0.2076,2.5,3.9,BD*,5,0.26986,7,-1.02686,0.7923,3.9,2.5
id:,671,Ea:,11.11,Erxn:,1.47,BD,5,0.4036,1,-0.07608,0.4592,1.8,0.0,BD*,5,0.4036,1,-0.07608,0.5408,1.8,0.0,BD,7,-1.01194,5,0.44828,0.7923,2.7,4.7,LP,7,-1.15621,0,0,0,9.3,0.0,LP,1,0.07764,0,0,0,0.0,0.0,LP*,5,0.00476,0,0,0,4.2,0.0,LP*,5,0.44828,0,0,0,4.3,0.0,BD*,7,-1.01194,5,0.44828,0.2077,2.7,4.7
id:,700,Ea:,72.48,Erxn:,58.36,BD,7,-1.06176,1,0.41762,0.7131,2.8,0.0,BD*,7,-1.06176,1,0.41762,0.2869,2.8,0.0,BD,7,-0.58787,7,-0.65089,0.4602,8.2,5.8,BD,7,-0.58787,5,0.30122,0.7924,2.4,4.5,BD,5,-0.19401,1,-0.02737,0.4794,2.5,0.0,BD*,7,-0.58787,7,-0.65089,0.5398,8.2,5.8,BD*,7,-0.58787,5,0.30122,0.2076,2.4,4.5,BD*,5,-0.19401,1,-0.02737,0.5206,2.5,0.0
id:,839,Ea:,11.14,Erxn:,-2.95,BD,5,0.39785,1,-0.07602,0.4577,1.8,0.0,BD*,5,0.39785,1,-0.07602,0.5423,1.8,0.0,BD,7,-1.03428,5,0.74751,0.7778,2.0,2.3,BD,5,-0.16546,1,-0.0373,0.4648,2.5,0.0,BD*,7,-1.03428,5,0.74751,0.2222,2.0,2.3,BD*,5,-0.16546,1,-0.0373,0.5352,2.5,0.0
id:,598,Ea:,55.36,Erxn:,19.50,BD,5,0.40708,1,-0.08241,0.4557,1.8,0.0,BD*,5,0.40708,1,-0.08241,0.5443,1.8,0.0,BD,5,0.37197,5,-0.28776,0.4829,1.4,2.0,BD,1,0.43572,7,-0.95514,0.2787,0.0,3.6,BD*,5,0.37197,5,-0.28776,0.5171,1.4,2.0,BD*,1,0.43572,7,-0.95514,0.7213,0.0,3.6
id:,602,Ea:,166.70,Erxn:,44.88,BD,7,-1.0682,1,0.40913,0.7095,2.8,0.0,BD,7,-1.07125,1,0.40676,0.7079,2.8,0.0,BD*,7,-1.0682,1,0.40913,0.2905,2.8,0.0,BD*,7,-1.07125,1,0.40676,0.2921,2.8,0.0,BD,7,-0.67657,7,-0.67558,0.4995,2.8,2.8,BD,1,-0.00035,1,-0.00119,0.4998,0.0,0.0,BD*,7,-0.67657,7,-0.67558,0.5005,2.8,2.8,BD*,1,-0.00035,1,-0.00119,0.5002,0.0,0.0
id:,633,Ea:,46.18,Erxn:,16.92,BD,5,0.42186,1,-0.08785,0.4519,1.8,0.0,BD,5,0.39916,1,-0.08114,0.4567,1.8,0.0,BD*,5,0.42186,1,-0.08785,0.5481,1.8,0.0,BD*,5,0.39916,1,-0.08114,0.5433,1.8,0.0,BD,5,0.31766,5,0.30639,0.4986,1.5,1.5,BD,1,-0.00329,1,0.00365,0.5018,0.0,0.0,BD*,5,0.31766,5,0.30639,0.5014,1.5,1.5,BD*,1,-0.00329,1,0.00365,0.4982,0.0,0.0
id:,1058,Ea:,46.22,Erxn:,-10.09,BD,7,-1.06162,1,0.41388,0.7139,2.6,0.0,BD,5,0.37856,1,-0.07041,0.462,1.8,0.0,BD*,7,-1.06162,1,0.41388,0.2861,2.6,0.0,BD*,5,0.37856,1,-0.07041,0.538,1.8,0.0,BD,7,-1.11175,5,0.73428,0.7663,1.6,2.1,BD,1,0.00174,1,-0.0025,0.4989,0.0,0.0,BD*,7,-1.11175,5,0.73428,0.2337,1.6,2.1,BD*,1,0.00174,1,-0.0025,0.5011,0.0,0.0
id:,647,Ea:,29.82,Erxn:,-0.66,BD,7,-1.06474,1,0.41681,0.7154,2.6,0.0,BD*,7,-1.06474,1,0.41681,0.2846,2.6,0.0,BD,7,-0.99243,1,0.44127,0.7246,3.5,0.0,BD,5,0.26536,7,-1.0887,0.2377,3.0,1.6,BD*,7,-0.99243,1,0.44127,0.2754,3.5,0.0,BD*,5,0.26536,7,-1.0887,0.7623,3.0,1.6
id:,1010,Ea:,66.52,Erxn:,39.36,BD,7,-1.07721,1,0.42467,0.7185,2.6,0.0,BD,7,-1.07043,1,0.42318,0.7183,2.7,0.0,BD,5,0.38782,1,-0.07827,0.4579,1.8,0.0,BD*,7,-1.07721,1,0.42467,0.2815,2.6,0.0,BD*,7,-1.07043,1,0.42318,0.2817,2.7,0.0,BD*,5,0.38782,1,-0.07827,0.5421,1.8,0.0,BD,7,-1.07386,1,0.42388,0.72,2.6,0.0,BD,1,0.00675,1,-0.01058,0.4956,0.0,0.0,BD*,7,-1.07386,1,0.42388,0.28,2.6,0.0,BD*,1,0.00675,1,-0.01058,0.5044,0.0,0.0
id:,657,Ea:,98.58,Erxn:,59.95,BD,7,-1.06753,5,0.41188,0.7643,1.1,2.4,BD,7,-1.06753,5,0.41188,0.8512,0.0,0.0,BD,7,-1.06689,1,0.41303,0.711,2.8,0.0,BD,5,0.41158,1,-0.08357,0.4555,1.8,0.0,BD*,7,-1.06753,5,0.41188,0.2357,1.1,2.4,BD*,7,-1.06753,5,0.41188,0.1488,0.0,0.0,BD*,7,-1.06689,1,0.41303,0.289,2.8,0.0,BD*,5,0.41158,1,-0.08357,0.5445,1.8,0.0,BD,7,-0.63566,7,-0.707,0.5619,3.2,5.0,BD,5,0.01353,1,-0.01588,0.3906,2.7,0.0,BD,5,0.20252,1,-0.02893,0.4835,1.8,0.0,LP,7,-0.63566,0,0,0,6.3,0.0,LP,7,-0.707,0,0,0,3.5,0.0,LP*,5,0.01353,0,0,0,5.9,0.0,LP*,5,0.20252,0,0,0,0.0,0.0,BD*,7,-0.63566,7,-0.707,0.4381,3.2,5.0,BD*,5,0.01353,1,-0.01588,0.6094,2.7,0.0,BD*,5,0.20252,1,-0.02893,0.5165,1.8,0.0
id:,673,Ea:,13.77,Erxn:,13.24,BD,5,0.42043,1,-0.08786,0.4522,1.8,0.0,BD,5,0.40148,1,-0.0778,0.4584,1.8,0.0,BD*,5,0.42043,1,-0.08786,0.5478,1.8,0.0,BD*,5,0.40148,1,-0.0778,0.5416,1.8,0.0,LP,1,0.1082,0,0,0,0.0,0.0,LP,1,0.10481,0,0,0,0.0,0.0,LP*,5,0.18062,0,0,0,1.5,0.0,LP*,5,0.16517,0,0,0,1.5,0.0
id:,680,Ea:,40.41,Erxn:,39.77,BD,7,-1.06766,1,0.41186,0.7105,2.8,0.0,BD,5,0.42479,1,-0.09012,0.45,1.8,0.0,BD*,7,-1.06766,1,0.41186,0.2895,2.8,0.0,BD*,5,0.42479,1,-0.09012,0.55,1.8,0.0,BD,1,-0.06723,5,-0.1755,0.5358,0.0,2.6,BD,1,0.4484,7,-0.973,0.2647,0.0,3.2,BD*,1,-0.06723,5,-0.1755,0.4642,0.0,2.6,BD*,1,0.4484,7,-0.973,0.7353,0.0,3.2
id:,771,Ea:,71.30,Erxn:,63.90,BD,7,-1.08767,5,0.41438,0.7643,1.1,2.4,BD,7,-1.08767,5,0.41438,0.8618,1.0,1.0,BD,7,-1.06558,1,0.41504,0.7148,2.7,0.0,BD,5,0.40128,1,-0.07958,0.4564,1.8,0.0,BD,5,0.40128,1,-0.08295,0.4559,1.8,0.0,BD*,7,-1.08767,5,0.41438,0.2357,1.1,2.4,BD*,7,-1.08767,5,0.41438,0.1382,1.0,1.0,BD*,7,-1.06558,1,0.41504,0.2852,2.7,0.0,BD*,5,0.40128,1,-0.07958,0.5436,1.8,0.0,BD*,5,0.40128,1,-0.08295,0.5441,1.8,0.0,BD,7,-1.13774,1,0.383,0.6921,2.9,0.0,BD,5,-0.39489,1,0.13986,0.4342,4.5,0.0,LP,7,-1.13774,0,0,0,3.0,0.0,LP,7,-0.97054,0,0,0,3.5,0.0,LP,1,0.17847,0,0,0,0.0,0.0,LP*,5,-0.39489,0,0,0,3.4,0.0,LP*,5,0.52604,0,0,0,0.5,0.0,LP*,5,0.52604,0,0,0,0.0,0.0,BD*,7,-1.13774,1,0.383,0.3079,2.9,0.0,BD*,5,-0.39489,1,0.13986,0.5658,4.5,0.0
id:,827,Ea:,104.50,Erxn:,98.45,BD,5,0.39854,1,-0.07787,0.458,1.8,0.0,BD,7,-1.06236,1,0.41316,0.7128,2.7,0.0,BD*,5,0.39854,1,-0.07787,0.542,1.8,0.0,BD*,7,-1.06236,1,0.41316,0.2872,2.7,0.0,BD,7,-1.09557,1,0.45792,0.7406,3.0,0.0,BD,1,0.40275,7,-1.10906,0.2522,0.0,2.3,LP,5,0.05814,0,0,0,0.4,0.0,LP*,5,0.05814,0,0,0,0.0,0.0,BD*,7,-1.09557,1,0.45792,0.2594,3.0,0.0,BD*,1,0.40275,7,-1.10906,0.7478,0.0,2.3
id:,875,Ea:,108.98,Erxn:,90.13,BD,7,-1.06601,5,0.40717,0.7622,1.1,2.3,BD,7,-1.06601,5,0.40717,0.8505,0.0,0.0,BD,5,0.40717,1,-0.09179,0.4514,1.8,0.0,BD,5,0.40717,1,-0.08091,0.4569,1.8,0.0,BD,7,-1.0624,5,0.40289,0.7618,1.1,2.3,BD,7,-1.0624,5,0.40289,0.8495,0.0,0.0,BD*,7,-1.06601,5,0.40717,0.2378,1.1,2.3,BD*,7,-1.06601,5,0.40717,0.1495,0.0,0.0,BD*,5,0.40717,1,-0.09179,0.5486,1.8,0.0,BD*,5,0.40717,1,-0.08091,0.5431,1.8,0.0,BD*,7,-1.0624,5,0.40289,0.2382,1.1,2.3,BD*,7,-1.0624,5,0.40289,0.1505,0.0,0.0,BD,7,-1.15612,5,-0.11267,0.7824,1.1,4.1,BD,1,0.40419,7,-1.14468,0.2973,0.0,2.9,BD,1,0.00018,5,-0.11267,0.5973,0.0,4.4,LP,7,-1.15612,0,0,0,0.0,0.0,LP,5,0.30531,0,0,0,0.2,0.0,LP,7,-1.14468,0,0,0,3.2,0.0,LP*,5,0.30531,0,0,0,9.6,0.0,LP*,5,0.30531,0,0,0,7.7,0.0,LP*,5,0.30531,0,0,0,1.0,0.0,BD*,7,-1.15612,5,-0.11267,0.2176,1.1,4.1,BD*,1,0.40419,7,-1.14468,0.7027,0.0,2.9,BD*,1,0.00018,5,-0.11267,0.4027,0.0,4.4
id:,888,Ea:,118.82,Erxn:,87.66,BD,7,-1.06256,5,0.39054,0.7628,1.0,2.4,BD,7,-1.06256,5,0.39054,0.8521,0.0,0.0,BD*,7,-1.06256,5,0.39054,0.2372,1.0,2.4,BD*,7,-1.06256,5,0.39054,0.1479,0.0,0.0,BD,7,-0.59583,7,-0.7047,0.5358,3.5,3.2,BD,5,-0.34608,5,0.21426,0.5283,2.0,1.5,LP,7,-0.7047,0,0,0,3.2,0.0,LP*,5,0.21426,0,0,0,0.0,0.0,BD*,7,-0.59583,7,-0.7047,0.4642,3.5,3.2,BD*,5,-0.34608,5,0.21426,0.4717,2.0,1.5
id:,898,Ea:,74.78,Erxn:,74.28,BD,7,-1.06443,1,0.40847,0.7126,2.6,0.0,BD,5,0.40836,1,-0.08377,0.4539,1.8,0.0,BD,7,-1.09019,5,0.41887,0.7657,1.1,2.4,BD,7,-1.09019,5,0.41887,0.8621,0.0,0.0,BD*,7,-1.06443,1,0.40847,0.2874,2.6,0.0,BD*,5,0.40836,1,-0.08377,0.5461,1.8,0.0,BD*,7,-1.09019,5,0.41887,0.2343,1.1,2.4,BD*,7,-1.09019,5,0.41887,0.1379,0.0,0.0,BD,1,-0.10447,5,0.3016,0.5523,0.0,2.0,BD,1,0.38254,7,-1.13244,0.3062,0.0,2.8,LP,7,-1.13244,0,0,0,3.0,0.0,LP*,5,0.3016,0,0,0,0.0,0.0,BD*,1,-0.10447,5,0.3016,0.4477,0.0,2.0,BD*,1,0.38254,7,-1.13244,0.6938,0.0,2.8
id:,919,Ea:,98.57,Erxn:,54.10,BD,7,-1.06754,1,0.41257,0.7106,2.8,0.0,BD,5,0.42519,1,-0.08577,0.4501,1.8,0.0,BD*,7,-1.06754,1,0.41257,0.2894,2.8,0.0,BD*,5,0.42519,1,-0.08577,0.5499,1.8,0.0,BD,7,-0.59279,7,-0.69261,0.5145,3.4,3.1,BD,5,-0.1721,1,-0.04507,0.4746,2.5,0.0,BD,5,0.41552,1,-0.06264,0.4628,1.8,0.0,BD*,7,-0.59279,7,-0.69261,0.4855,3.4,3.1,BD*,5,-0.1721,1,-0.04507,0.5254,2.5,0.0,BD*,5,0.41552,1,-0.06264,0.5372,1.8,0.0
id:,1022,Ea:,115.99,Erxn:,82.02,BD,7,-1.0628,1,0.41789,0.7144,2.7,0.0,BD,5,0.39165,1,-0.0856,0.4544,1.8,0.0,BD,7,-1.06278,1,0.41789,0.7144,2.7,0.0,BD,5,0.39161,1,-0.08563,0.4544,1.8,0.0,BD*,7,-1.0628,1,0.41789,0.2856,2.7,0.0,BD*,5,0.39165,1,-0.0856,0.5456,1.8,0.0,BD*,7,-1.06278,1,0.41789,0.2856,2.7,0.0,BD*,5,0.39161,1,-0.08563,0.5456,1.8,0.0,BD,1,-0.00275,1,0.00297,0.5015,0.0,0.0,BD,1,0.00201,1,-0.00271,0.4988,0.0,0.0,BD*,1,-0.00275,1,0.00297,0.4985,0.0,0.0,BD*,1,0.00201,1,-0.00271,0.5012,0.0,0.0
id:,1255,Ea:,31.14,Erxn:,30.22,BD,7,-0.96451,5,-0.17259,0.8168,1.8,5.4,BD*,7,-0.96451,5,-0.17259,0.1832,1.8,5.4,LP,7,-1.14578,0,0,0,3.1,0.0,LP*,5,0.17422,0,0,0,0.0,0.0
id:,1356,Ea:,21.65,Erxn:,1.97,BD,7,-0.96476,1,0.43828,0.7223,3.6,0.0,BD,5,-0.153,1,-0.08257,0.456,2.5,0.0,BD*,7,-0.96476,1,0.43828,0.2777,3.6,0.0,BD*,5,-0.153,1,-0.08257,0.544,2.5,0.0,BD,6,0.63596,1,0.1247,0.5829,1.7,0.0,BD,8,-0.72619,1,0.50532,0.7637,3.1,0.0,BD*,6,0.63596,1,0.1247,0.4171,1.7,0.0,BD*,8,-0.72619,1,0.50532,0.2363,3.1,0.0
id:,1080,Ea:,122.40,Erxn:,96.62,BD,5,-0.20166,1,-0.05444,0.4708,2.5,0.0,BD*,5,-0.20166,1,-0.05444,0.5292,2.5,0.0,BD,6,0.13143,5,0.0214,0.6561,1.3,2.7,BD,6,0.13143,1,0.16452,0.5934,2.8,0.0,BD,8,-0.29799,8,-0.31289,0.4999,0.0,0.0,BD*,6,0.13143,5,0.0214,0.3439,1.3,2.7,BD*,6,0.13143,1,0.16452,0.4066,2.8,0.0,BD*,8,-0.29799,8,-0.31289,0.5001,0.0,0.0
id:,1344,Ea:,40.90,Erxn:,1.22,BD,7,-0.96472,1,0.43817,0.7223,3.6,0.0,BD,5,-0.15298,1,-0.05569,0.4703,2.5,0.0,BD*,7,-0.96472,1,0.43817,0.2777,3.6,0.0,BD*,5,-0.15298,1,-0.05569,0.5297,2.5,0.0,BD,1,0.00204,1,0.00022,0.4996,0.0,0.0,BD*,1,0.00204,1,0.00022,0.5004,0.0,0.0
id:,1151,Ea:,108.03,Erxn:,71.87,BD,6,1.0344,8,-0.54084,0.3321,1.0,2.0,BD,7,-0.96561,1,0.4446,0.7269,3.4,0.0,BD*,6,1.0344,8,-0.54084,0.6679,1.0,2.0,BD*,7,-0.96561,1,0.4446,0.2731,3.4,0.0,BD,8,-0.59191,7,-0.45784,0.5406,4.7,4.6,BD,8,-0.59191,1,0.51718,0.7633,3.1,0.0,LP,6,0.49874,0,0,0,0.3,0.0,BD*,8,-0.59191,7,-0.45784,0.4594,4.7,4.6,BD*,8,-0.59191,1,0.51718,0.2367,3.1,0.0
id:,1237,Ea:,47.97,Erxn:,10.32,BD,7,-0.96352,1,0.43732,0.7222,3.6,0.0,BD,5,-0.1823,1,-0.04915,0.4735,2.5,0.0,BD,5,-0.1823,1,-0.06433,0.4651,2.5,0.0,BD*,7,-0.96352,1,0.43732,0.2778,3.6,0.0,BD*,5,-0.1823,1,-0.04915,0.5265,2.5,0.0,BD*,5,-0.1823,1,-0.06433,0.5349,2.5,0.0,BD,6,0.5514,5,0.49246,0.6386,1.3,2.0,BD,8,-0.71093,1,0.49066,0.7491,3.6,0.0,BD,1,-0.02459,1,0.01769,0.5108,0.0,0.0,BD*,6,0.5514,5,0.49246,0.3614,1.3,2.0,BD*,8,-0.71093,1,0.49066,0.2509,3.6,0.0,BD*,1,-0.02459,1,0.01769,0.4892,0.0,0.0
id:,1200,Ea:,44.71,Erxn:,-4.88,BD,5,-0.16674,1,-0.06003,0.468,2.5,0.0,BD*,5,-0.16674,1,-0.06003,0.532,2.5,0.0,BD,6,0.64929,1,0.07206,0.5599,1.8,0.0,BD,8,-0.68876,5,0.3739,0.8089,1.3,3.3,BD*,6,0.64929,1,0.07206,0.4401,1.8,0.0,BD*,8,-0.68876,5,0.3739,0.1911,1.3,3.3
id:,1347,Ea:,82.74,Erxn:,49.45,BD,7,-0.9677,1,0.43794,0.7251,3.4,0.0,BD,5,-0.17796,1,-0.0622,0.467,2.5,0.0,BD*,7,-0.9677,1,0.43794,0.2749,3.4,0.0,BD*,5,-0.17796,1,-0.0622,0.533,2.5,0.0,BD,8,-0.70692,1,0.43722,0.7453,3.8,0.0,BD,8,-0.71958,1,0.44523,0.7534,3.4,0.0,LP,6,0.5333,0,0,0,0.6,0.0,BD*,8,-0.70692,1,0.43722,0.2547,3.8,0.0,BD*,8,-0.71958,1,0.44523,0.2466,3.4,0.0
id:,1400,Ea:,81.41,Erxn:,6.29,BD,6,1.01352,8,-0.49486,0.2405,1.0,1.0,BD,6,1.01352,8,-0.49486,0.2619,0.0,0.0,BD,6,1.01352,8,-0.49486,0.3322,1.4,2.3,BD,5,-0.17508,1,-0.04976,0.4737,2.5,0.0,BD*,6,1.01352,8,-0.49486,0.7595,1.0,1.0,BD*,6,1.01352,8,-0.49486,0.7381,0.0,0.0,BD*,6,1.01352,8,-0.49486,0.6678,1.4,2.3,BD*,5,-0.17508,1,-0.04976,0.5263,2.5,0.0,BD,8,-0.94292,5,0.38771,0.7978,1.2,3.1,BD,8,-0.94292,1,0.48071,0.7438,4.3,0.0,LP,6,0.52026,0,0,0,0.2,0.0,BD*,8,-0.94292,5,0.38771,0.2022,1.2,3.1,BD*,8,-0.94292,1,0.48071,0.2562,4.3,0.0
id:,1206,Ea:,76.98,Erxn:,13.60,BD,5,-0.17816,1,-0.05186,0.4725,2.5,0.0,BD*,5,-0.17816,1,-0.05186,0.5275,2.5,0.0,BD,6,0.60216,5,-0.06832,0.6277,1.1,2.7,BD,8,-0.73094,1,0.45604,0.7324,3.8,0.0,BD*,6,0.60216,5,-0.06832,0.3723,1.1,2.7,BD*,8,-0.73094,1,0.45604,0.2676,3.8,0.0
id:,1134,Ea:,36.16,Erxn:,11.13,BD,7,-0.96518,5,-0.15467,0.818,1.8,5.4,BD,5,-0.15467,1,-0.08118,0.4567,2.5,0.0,BD*,7,-0.96518,5,-0.15467,0.182,1.8,5.4,BD*,5,-0.15467,1,-0.08118,0.5433,2.5,0.0,BD,6,0.65694,1,0.14797,0.5931,1.6,0.0,BD,8,-0.71275,5,0.61255,0.8151,1.3,2.7,BD,8,-0.71275,5,0.61255,0.9012,0.0,0.0,LP,7,-1.12769,0,0,0,2.9,0.0,BD*,6,0.65694,1,0.14797,0.4069,1.6,0.0,BD*,8,-0.71275,5,0.61255,0.1849,1.3,2.7,BD*,8,-0.71275,5,0.61255,0.0988,0.0,0.0
id:,1145,Ea:,96.59,Erxn:,23.79,BD,6,1.01327,8,-0.4813,0.2442,0.0,0.0,BD,6,1.01327,8,-0.4813,0.3023,3.8,4.2,BD,6,1.01327,8,-0.4813,0.2948,2.4,4.9,BD,5,-0.17722,1,-0.05839,0.4689,2.5,0.0,BD,5,-0.17722,1,-0.05567,0.4702,2.5,0.0,BD*,6,1.01327,8,-0.4813,0.7558,0.0,0.0,BD*,6,1.01327,8,-0.4813,0.6977,3.8,4.2,BD*,6,1.01327,8,-0.4813,0.7052,2.4,4.9,BD*,5,-0.17722,1,-0.05839,0.5311,2.5,0.0,BD*,5,-0.17722,1,-0.05567,0.5298,2.5,0.0,BD,8,-0.85772,5,0.73657,0.787,0.7,1.9,BD,8,-0.85772,5,0.73657,0.7788,1.0,0.0,BD,8,-0.85772,5,0.73657,0.9179,0.0,0.0,BD,1,-0.0214,1,0.0221,0.5109,0.0,0.0,LP,6,0.51877,0,0,0,0.3,0.0,BD*,8,-0.85772,5,0.73657,0.213,0.7,1.9,BD*,8,-0.85772,5,0.73657,0.2212,1.0,0.0,BD*,8,-0.85772,5,0.73657,0.0821,0.0,0.0,BD*,1,-0.0214,1,0.0221,0.4891,0.0,0.0
id:,1171,Ea:,87.97,Erxn:,17.34,BD,6,1.0246,8,-0.51973,0.3348,1.3,2.2,BD,6,1.0246,8,-0.51973,0.2493,0.0,0.0,BD,6,1.0246,8,-0.51973,0.2349,0.0,0.0,BD,7,-0.96232,1,0.43818,0.7242,3.5,0.0,BD,5,-0.17026,1,-0.05595,0.4701,2.5,0.0,BD*,6,1.0246,8,-0.51973,0.6652,1.3,2.2,BD*,6,1.0246,8,-0.51973,0.7507,0.0,0.0,BD*,6,1.0246,8,-0.51973,0.7651,0.0,0.0,BD*,7,-0.96232,1,0.43818,0.2758,3.5,0.0,BD*,5,-0.17026,1,-0.05595,0.5299,2.5,0.0,BD,8,-0.96238,1,0.48477,0.7473,3.1,0.0,BD,8,-0.96238,1,0.48147,0.7421,3.4,0.0,LP,6,0.49929,0,0,0,0.3,0.0,BD*,8,-0.96238,1,0.48477,0.2527,3.1,0.0,BD*,8,-0.96238,1,0.48147,0.2579,3.4,0.0
id:,1181,Ea:,92.39,Erxn:,5.83,BD,6,1.0135,8,-0.48057,0.2561,0.0,0.0,BD,6,1.0135,8,-0.48057,0.2613,0.0,0.0,BD,6,1.0135,8,-0.48057,0.3227,1.4,2.8,BD,7,-0.96376,5,-0.17584,0.8207,1.8,5.6,BD,5,-0.17584,1,-0.05761,0.4693,2.5,0.0,BD*,6,1.0135,8,-0.48057,0.7439,0.0,0.0,BD*,6,1.0135,8,-0.48057,0.7387,0.0,0.0,BD*,6,1.0135,8,-0.48057,0.6773,1.4,2.8,BD*,7,-0.96376,5,-0.17584,0.1793,1.8,5.6,BD*,5,-0.17584,1,-0.05761,0.5307,2.5,0.0,BD,8,-0.906,5,0.56946,0.814,1.6,3.2,BD,8,-0.906,5,0.56946,0.8601,0.0,0.0,BD,8,-0.906,1,0.52304,0.7911,2.9,0.0,LP,6,0.53587,0,0,0,0.2,0.0,LP,7,-1.14599,0,0,0,3.4,0.0,BD*,8,-0.906,5,0.56946,0.186,1.6,3.2,BD*,8,-0.906,5,0.56946,0.1399,0.0,0.0,BD*,8,-0.906,1,0.52304,0.2089,2.9,0.0
id:,1249,Ea:,71.03,Erxn:,16.75,BD,7,-0.96677,1,0.44195,0.7264,3.4,0.0,BD*,7,-0.96677,1,0.44195,0.2736,3.4,0.0,BD,6,0.96618,7,-0.86818,0.3525,2.2,3.2,BD,8,-0.68444,1,0.53645,0.7884,2.8,0.0,BD*,6,0.96618,7,-0.86818,0.6475,2.2,3.2,BD*,8,-0.68444,1,0.53645,0.2116,2.8,0.0
id:,1223,Ea:,30.69,Erxn:,29.87,BD,7,-0.96128,5,-0.16681,0.821,1.8,5.6,BD*,7,-0.96128,5,-0.16681,0.179,1.8,5.6,BD,6,1.01291,7,-0.98644,0.2312,4.7,3.7,BD,8,-0.55917,5,-0.0382,0.8639,2.3,5.8,BD*,6,1.01291,7,-0.98644,0.7688,4.7,3.7,BD*,8,-0.55917,5,-0.0382,0.1361,2.3,5.8
id:,1246,Ea:,105.19,Erxn:,37.27,BD,7,-0.96459,1,0.43855,0.7226,3.6,0.0,BD,5,-0.17305,1,-0.06372,0.4661,2.5,0.0,BD,5,-0.17305,1,-0.05231,0.4721,2.5,0.0,BD*,7,-0.96459,1,0.43855,0.2774,3.6,0.0,BD*,5,-0.17305,1,-0.06372,0.5339,2.5,0.0,BD*,5,-0.17305,1,-0.05231,0.5279,2.5,0.0,BD,8,-0.71388,1,0.46432,0.7546,3.5,0.0,BD,8,-0.7415,5,0.79627,0.8056,1.3,2.4,BD,1,-0.0067,1,0.00891,0.5039,0.0,0.0,LP,6,0.52807,0,0,0,0.6,0.0,BD*,8,-0.71388,1,0.46432,0.2454,3.5,0.0,BD*,8,-0.7415,5,0.79627,0.1944,1.3,2.4,BD*,1,-0.0067,1,0.00891,0.4961,0.0,0.0
id:,1299,Ea:,96.55,Erxn:,40.14,BD,7,-0.96296,5,-0.17437,0.8199,1.8,5.4,BD,7,-0.96296,1,0.43576,0.7211,3.6,0.0,BD,5,-0.17437,1,-0.0504,0.4734,2.5,0.0,BD*,7,-0.96296,5,-0.17437,0.1801,1.8,5.4,BD*,7,-0.96296,1,0.43576,0.2789,3.6,0.0,BD*,5,-0.17437,1,-0.0504,0.5266,2.5,0.0,BD,6,0.93115,7,-0.92745,0.379,1.8,1.8,BD,8,-0.72679,1,0.49386,0.7528,3.2,0.0,BD,5,0.30671,1,-0.13325,0.4315,2.1,0.0,LP,7,-0.92745,0,0,0,0.0,0.0,LP*,5,0.30671,0,0,0,0.0,0.0,BD*,6,0.93115,7,-0.92745,0.621,1.8,1.8,BD*,8,-0.72679,1,0.49386,0.2472,3.2,0.0,BD*,5,0.30671,1,-0.13325,0.5685,2.1,0.0
id:,1350,Ea:,76.09,Erxn:,37.00,BD,5,-0.17696,1,-0.06418,0.4658,2.5,0.0,BD*,5,-0.17696,1,-0.06418,0.5342,2.5,0.0,BD,8,-0.74669,5,0.28821,0.8004,1.6,3.5,BD,8,-0.72084,1,0.46826,0.7531,3.5,0.0,LP,6,0.49644,0,0,0,0.6,0.0,BD*,8,-0.74669,5,0.28821,0.1996,1.6,3.5,BD*,8,-0.72084,1,0.46826,0.2469,3.5,0.0
id:,1449,Ea:,24.19,Erxn:,13.75,BD,6,0.96108,7,-0.92429,0.2496,1.7,3.8,BD,8,-0.64072,5,0.3846,0.8233,2.1,4.2,BD*,6,0.96108,7,-0.92429,0.7504,1.7,3.8,BD*,8,-0.64072,5,0.3846,0.1767,2.1,4.2
id:,1504,Ea:,98.49,Erxn:,77.15,BD,6,1.01746,8,-0.50861,0.3466,1.0,1.8,BD,6,1.01746,8,-0.50861,0.2404,0.0,0.0,BD,6,1.01746,8,-0.50861,0.2378,0.0,0.0,BD*,6,1.01746,8,-0.50861,0.6534,1.0,1.8,BD*,6,1.01746,8,-0.50861,0.7596,0.0,0.0,BD*,6,1.01746,8,-0.50861,0.7622,0.0,0.0,BD,8,-0.54136,7,-0.54177,0.4944,0.0,7.2,BD,8,-0.54136,5,0.39814,0.8077,2.1,4.3,LP,6,0.51353,0,0,0,0.2,0.0,BD*,8,-0.54136,7,-0.54177,0.5056,0.0,7.2,BD*,8,-0.54136,5,0.39814,0.1923,2.1,4.3
id:,1541,Ea:,35.27,Erxn:,-12.15,BD,5,0.41485,1,-0.09197,0.4515,1.8,0.0,BD,5,0.41485,1,-0.08454,0.455,1.8,0.0,BD*,5,0.41485,1,-0.09197,0.5485,1.8,0.0,BD*,5,0.41485,1,-0.08454,0.545,1.8,0.0,BD,6,0.64749,1,0.13012,0.5849,1.7,0.0,BD,8,-0.72804,5,0.84431,0.8081,1.4,2.3,BD,8,-0.72804,5,0.84431,0.9667,1.0,6.2,LP,1,-0.08929,0,0,0,0.0,0.0,BD*,6,0.64749,1,0.13012,0.4151,1.7,0.0,BD*,8,-0.72804,5,0.84431,0.1919,1.4,2.3,BD*,8,-0.72804,5,0.84431,0.0333,1.0,6.2
id:,1601,Ea:,85.91,Erxn:,-6.28,BD,6,1.01625,8,-0.50206,0.3436,1.0,1.8,BD,5,0.40511,1,-0.07667,0.459,1.8,0.0,BD*,6,1.01625,8,-0.50206,0.6564,1.0,1.8,BD*,5,0.40511,1,-0.07667,0.541,1.8,0.0,BD,8,-0.90204,5,0.81065,0.799,1.1,2.4,BD,8,-0.90204,1,0.50427,0.7532,4.0,0.0,LP,6,0.51336,0,0,0,0.2,0.0,BD*,8,-0.90204,5,0.81065,0.201,1.1,2.4,BD*,8,-0.90204,1,0.50427,0.2468,4.0,0.0
id:,1437,Ea:,126.32,Erxn:,60.20,BD,7,-1.06408,1,0.41361,0.7111,2.8,0.0,BD,5,0.40925,1,-0.09341,0.4506,1.8,0.0,BD*,7,-1.06408,1,0.41361,0.2889,2.8,0.0,BD*,5,0.40925,1,-0.09341,0.5494,1.8,0.0,BD,6,0.63868,1,0.14621,0.593,1.6,0.0,BD,8,-0.38692,7,-0.54393,0.5739,3.9,4.0,BD,5,0.35694,1,-0.05064,0.4673,1.8,0.0,BD*,6,0.63868,1,0.14621,0.407,1.6,0.0,BD*,8,-0.38692,7,-0.54393,0.4261,3.9,4.0,BD*,5,0.35694,1,-0.05064,0.5327,1.8,0.0
id:,1761,Ea:,70.56,Erxn:,34.25,BD,5,0.42533,1,-0.10694,0.4434,1.8,0.0,BD*,5,0.42533,1,-0.10694,0.5566,1.8,0.0,BD,8,-0.69754,1,0.4568,0.7515,3.7,0.0,BD,8,-0.74075,5,0.76198,0.8106,1.4,2.6,BD,8,-0.74075,5,0.76198,0.9645,0.0,0.0,LP,6,0.5496,0,0,0,0.6,0.0,BD*,8,-0.69754,1,0.4568,0.2485,3.7,0.0,BD*,8,-0.74075,5,0.76198,0.1894,1.4,2.6,BD*,8,-0.74075,5,0.76198,0.0355,0.0,0.0
id:,1452,Ea:,74.79,Erxn:,7.20,BD,5,0.39769,1,-0.07502,0.4599,1.8,0.0,BD*,5,0.39769,1,-0.07502,0.5401,1.8,0.0,BD,6,0.54963,5,0.47437,0.636,1.3,2.0,BD,8,-0.70309,1,0.49638,0.7511,3.6,0.0,BD*,6,0.54963,5,0.47437,0.364,1.3,2.0,BD*,8,-0.70309,1,0.49638,0.2489,3.6,0.0
id:,1776,Ea:,54.30,Erxn:,39.91,BD,7,-1.06344,1,0.42114,0.7163,2.7,0.0,BD,5,0.40515,1,-0.09699,0.4488,1.8,0.0,BD*,7,-1.06344,1,0.42114,0.2837,2.7,0.0,BD*,5,0.40515,1,-0.09699,0.5512,1.8,0.0,BD,6,0.63866,1,0.11412,0.5782,1.7,0.0,BD,8,-0.71698,1,0.50805,0.7657,3.1,0.0,BD*,6,0.63866,1,0.11412,0.4218,1.7,0.0,BD*,8,-0.71698,1,0.50805,0.2343,3.1,0.0
id:,1803,Ea:,117.67,Erxn:,87.85,BD,7,-1.06617,1,0.41527,0.7131,2.7,0.0,BD,5,0.40241,1,-0.08835,0.4532,1.8,0.0,BD*,7,-1.06617,1,0.41527,0.2869,2.7,0.0,BD*,5,0.40241,1,-0.08835,0.5468,1.8,0.0,BD,8,-0.71655,1,0.44663,0.7533,3.5,0.0,BD,8,-0.71042,1,0.43154,0.7434,3.9,0.0,LP,6,0.53249,0,0,0,0.6,0.0,BD*,8,-0.71655,1,0.44663,0.2467,3.5,0.0,BD*,8,-0.71042,1,0.43154,0.2566,3.9,0.0
id:,1620,Ea:,58.90,Erxn:,8.97,BD,7,-1.06907,1,0.42114,0.7162,2.7,0.0,BD*,7,-1.06907,1,0.42114,0.2838,2.7,0.0,BD,6,0.95791,7,-0.92167,0.3653,1.9,2.2,BD,8,-0.70617,1,0.51083,0.7613,3.2,0.0,BD*,6,0.95791,7,-0.92167,0.6347,1.9,2.2,BD*,8,-0.70617,1,0.51083,0.2387,3.2,0.0
id:,1635,Ea:,124.77,Erxn:,73.82,BD,6,1.02997,8,-0.52722,0.28,1.2,4.5,BD,7,-1.06612,1,0.42024,0.7157,2.7,0.0,BD*,6,1.02997,8,-0.52722,0.72,1.2,4.5,BD*,7,-1.06612,1,0.42024,0.2843,2.7,0.0,BD,8,-0.58129,7,-0.52317,0.5553,4.1,3.9,BD,8,-0.58129,1,0.49537,0.7522,3.3,0.0,LP,6,0.49358,0,0,0,0.3,0.0,BD*,8,-0.58129,7,-0.52317,0.4447,4.1,3.9,BD*,8,-0.58129,1,0.49537,0.2478,3.3,0.0
id:,1534,Ea:,103.51,Erxn:,22.22,BD,6,1.01999,8,-0.50255,0.3469,1.0,1.7,BD,5,0.3808,1,-0.07627,0.4592,1.8,0.0,BD*,6,1.01999,8,-0.50255,0.6531,1.0,1.7,BD*,5,0.3808,1,-0.07627,0.5408,1.8,0.0,BD,8,-0.85957,5,0.74536,0.7854,0.8,1.9,BD,8,-0.85957,5,0.74536,0.783,0.0,0.0,BD,8,-0.85957,5,0.74536,0.9173,0.0,0.0,BD,7,-1.05945,1,0.4338,0.7185,3.3,0.0,LP,6,0.55298,0,0,0,0.2,0.0,BD*,8,-0.85957,5,0.74536,0.2146,0.8,1.9,BD*,8,-0.85957,5,0.74536,0.217,0.0,0.0,BD*,8,-0.85957,5,0.74536,0.0827,0.0,0.0,BD*,7,-1.05945,1,0.4338,0.2815,3.3,0.0
id:,1728,Ea:,78.36,Erxn:,39.58,BD,7,-1.06036,1,0.4128,0.7108,2.8,0.0,BD,5,0.40603,1,-0.08579,0.4544,1.8,0.0,BD*,7,-1.06036,1,0.4128,0.2892,2.8,0.0,BD*,5,0.40603,1,-0.08579,0.5456,1.8,0.0,BD,1,0.00269,1,-0.00323,0.4985,0.0,0.0,BD*,1,0.00269,1,-0.00323,0.5015,0.0,0.0
id:,1574,Ea:,71.55,Erxn:,24.23,BD,7,-1.07423,1,0.41107,0.7115,2.7,0.0,BD*,7,-1.07423,1,0.41107,0.2885,2.7,0.0,BD,6,0.93202,7,-0.84491,0.3896,1.4,2.2,BD,6,0.93202,7,-0.84491,0.2394,0.0,0.0,BD,8,-0.61902,5,0.40099,0.8373,3.1,5.0,BD,8,-0.67994,1,0.51478,0.7588,3.7,0.0,BD*,6,0.93202,7,-0.84491,0.6104,1.4,2.2,BD*,6,0.93202,7,-0.84491,0.7606,0.0,0.0,BD*,8,-0.61902,5,0.40099,0.1627,3.1,5.0,BD*,8,-0.67994,1,0.51478,0.2412,3.7,0.0
id:,1584,Ea:,128.82,Erxn:,94.01,BD,5,0.39085,1,-0.08096,0.4568,1.8,0.0,BD*,5,0.39085,1,-0.08096,0.5432,1.8,0.0,BD,6,0.09035,5,0.56654,0.6628,1.5,2.0,BD,6,0.09035,1,0.20388,0.6109,2.5,0.0,BD,8,-0.2864,8,-0.30935,0.4974,0.0,0.0,BD*,6,0.09035,5,0.56654,0.3372,1.5,2.0,BD*,6,0.09035,1,0.20388,0.3891,2.5,0.0,BD*,8,-0.2864,8,-0.30935,0.5026,0.0,0.0
id:,1644,Ea:,106.45,Erxn:,70.24,BD,6,0.62502,5,-0.03306,0.6461,1.0,3.2,BD,8,-0.42807,7,-0.49284,0.5204,6.0,5.0,BD*,6,0.62502,5,-0.03306,0.3539,1.0,3.2,BD*,8,-0.42807,7,-0.49284,0.4796,6.0,5.0
id:,1666,Ea:,88.83,Erxn:,42.08,BD,6,1.0195,8,-0.50586,0.2994,3.0,4.2,BD,6,1.0195,8,-0.50586,0.2911,3.1,5.2,BD,6,1.0195,8,-0.50586,0.242,0.0,0.0,BD,7,-1.06838,1,0.41147,0.7103,2.8,0.0,BD,5,0.40809,1,-0.07776,0.4585,1.8,0.0,BD,5,0.40809,1,-0.08785,0.4533,1.8,0.0,BD*,6,1.0195,8,-0.50586,0.7006,3.0,4.2,BD*,6,1.0195,8,-0.50586,0.7089,3.1,5.2,BD*,6,1.0195,8,-0.50586,0.758,0.0,0.0,BD*,7,-1.06838,1,0.41147,0.2897,2.8,0.0,BD*,5,0.40809,1,-0.07776,0.5415,1.8,0.0,BD*,5,0.40809,1,-0.08785,0.5467,1.8,0.0,BD,8,-0.90144,5,1.04829,0.9586,1.0,0.0,BD,8,-0.90144,5,1.04829,0.7889,1.4,1.0,BD,8,-0.90144,1,0.53178,0.7687,3.6,0.0,BD,1,0.01401,1,-0.02286,0.4907,0.0,0.0,LP,6,0.54521,0,0,0,0.2,0.0,BD*,8,-0.90144,5,1.04829,0.0414,1.0,0.0,BD*,8,-0.90144,5,1.04829,0.2111,1.4,1.0,BD*,8,-0.90144,1,0.53178,0.2313,3.6,0.0,BD*,1,0.01401,1,-0.02286,0.5093,0.0,0.0
id:,1675,Ea:,135.67,Erxn:,54.70,BD,6,1.01908,8,-0.5067,0.3166,2.1,3.0,BD,6,1.01908,8,-0.5067,0.2614,7.6,0.0,BD,6,1.01908,8,-0.5067,0.2536,0.0,0.0,BD,7,-1.06749,1,0.41246,0.7107,2.8,0.0,BD,5,0.40703,1,-0.07786,0.4585,1.8,0.0,BD*,6,1.01908,8,-0.5067,0.6834,2.1,3.0,BD*,6,1.01908,8,-0.5067,0.7386,7.6,0.0,BD*,6,1.01908,8,-0.5067,0.7464,0.0,0.0,BD*,7,-1.06749,1,0.41246,0.2893,2.8,0.0,BD*,5,0.40703,1,-0.07786,0.5415,1.8,0.0,BD,8,-0.97146,1,0.48851,0.7467,3.3,0.0,BD,8,-0.97146,1,0.4899,0.7485,3.2,0.0,LP,6,0.49445,0,0,0,0.3,0.0,BD*,8,-0.97146,1,0.48851,0.2533,3.3,0.0,BD*,8,-0.97146,1,0.4899,0.2515,3.2,0.0
id:,1676,Ea:,68.16,Erxn:,31.15,BD,5,0.39784,1,-0.07505,0.4599,1.8,0.0,BD,5,0.39784,1,-0.08484,0.4548,1.8,0.0,BD*,5,0.39784,1,-0.07505,0.5401,1.8,0.0,BD*,5,0.39784,1,-0.08484,0.5452,1.8,0.0,BD,6,0.54812,5,0.87003,0.646,1.0,1.8,BD,8,-0.66437,5,0.87003,0.7992,2.1,2.9,BD,8,-0.66437,5,0.87003,0.8783,1.0,1.0,BD,1,0.00969,1,-0.01315,0.4941,0.0,0.0,LP,7,-1.11354,0,0,0,0.0,0.0,BD*,6,0.54812,5,0.87003,0.354,1.0,1.8,BD*,8,-0.66437,5,0.87003,0.2008,2.1,2.9,BD*,8,-0.66437,5,0.87003,0.1217,1.0,1.0,BD*,1,0.00969,1,-0.01315,0.5059,0.0,0.0
id:,1681,Ea:,23.57,Erxn:,6.67,BD,7,-1.07117,5,0.39899,0.7625,1.1,2.3,BD,7,-1.07117,5,0.39899,0.8508,0.0,0.0,BD*,7,-1.07117,5,0.39899,0.2375,1.1,2.3,BD*,7,-1.07117,5,0.39899,0.1492,0.0,0.0,BD,6,0.93667,7,-0.88438,0.3774,1.8,1.8,BD,8,-0.74051,5,0.61865,0.8199,1.3,2.8,BD,8,-0.74051,5,0.61865,0.9016,0.0,0.0,LP,7,-0.88438,0,0,0,0.0,0.0,BD*,6,0.93667,7,-0.88438,0.6226,1.8,1.8,BD*,8,-0.74051,5,0.61865,0.1801,1.3,2.8,BD*,8,-0.74051,5,0.61865,0.0984,0.0,0.0
id:,1808,Ea:,104.22,Erxn:,102.04,BD,7,-1.06296,1,0.40285,0.7063,2.7,0.0,BD*,7,-1.06296,1,0.40285,0.2937,2.7,0.0,BD,8,-0.41071,7,-0.67022,0.5587,5.9,4.6,BD,8,-0.69751,1,0.48255,0.7666,3.4,0.0,LP,6,0.55264,0,0,0,0.7,0.0,BD*,8,-0.41071,7,-0.67022,0.4413,5.9,4.6,BD*,8,-0.69751,1,0.48255,0.2334,3.4,0.0
id:,1849,Ea:,144.60,Erxn:,110.53,BD,6,0.70535,6,0.70538,0.4999,1.8,1.7,BD,8,-0.2451,8,-0.24531,0.5002,0.0,0.0,BD*,6,0.70535,6,0.70538,0.5001,1.8,1.7,BD*,8,-0.2451,8,-0.24531,0.4998,0.0,0.0
id:,1860,Ea:,53.83,Erxn:,42.78,BD,6,1.04451,8,-0.55719,0.312,2.3,3.1,BD,8,-0.55713,6,1.04447,0.688,3.1,2.3,BD*,6,1.04451,8,-0.55719,0.688,2.3,3.1,BD*,8,-0.55713,6,1.04447,0.312,3.1,2.3
id:,1904,Ea:,53.87,Erxn:,42.79,BD,6,1.04465,8,-0.5574,0.312,2.3,3.1,BD,8,-0.55742,6,1.04465,0.688,3.1,2.3,BD*,6,1.04465,8,-0.5574,0.688,2.3,3.1,BD*,8,-0.55742,6,1.04465,0.312,3.1,2.3
id:,2369,Ea:,31.49,Erxn:,28.72,BD,7,-0.9643,5,-0.17123,0.8231,1.7,5.6,BD*,7,-0.9643,5,-0.17123,0.1769,1.7,5.6,BD,8,-0.5303,5,-0.05744,0.8504,2.0,5.9,LP,7,-1.12394,0,0,0,3.0,0.0,BD*,8,-0.5303,5,-0.05744,0.1496,2.0,5.9
id:,2340,Ea:,24.02,Erxn:,11.44,BD,8,-0.70238,1,0.50794,0.7614,3.6,0.0,BD,7,-0.96802,1,0.4516,0.731,3.4,0.0,BD,5,-0.16996,1,-0.06286,0.4668,2.5,0.0,BD*,8,-0.70238,1,0.50794,0.2386,3.6,0.0,BD*,7,-0.96802,1,0.4516,0.269,3.4,0.0,BD*,5,-0.16996,1,-0.06286,0.5332,2.5,0.0,BD,8,-0.71886,1,0.50797,0.7653,3.3,0.0,BD,1,0.0166,1,-0.0232,0.4899,0.0,0.0,BD*,8,-0.71886,1,0.50797,0.2347,3.3,0.0,BD*,1,0.0166,1,-0.0232,0.5101,0.0,0.0
id:,2337,Ea:,29.27,Erxn:,9.08,BD,7,-0.96557,1,0.44334,0.7286,3.4,0.0,BD,5,-0.17018,1,-0.06381,0.4663,2.5,0.0,BD*,7,-0.96557,1,0.44334,0.2714,3.4,0.0,BD*,5,-0.17018,1,-0.06381,0.5337,2.5,0.0,BD,6,0.20284,1,0.16481,0.5928,2.6,0.0,BD,8,-0.77201,1,0.48011,0.7487,3.4,0.0,BD*,6,0.20284,1,0.16481,0.4072,2.6,0.0,BD*,8,-0.77201,1,0.48011,0.2513,3.4,0.0
id:,2071,Ea:,63.69,Erxn:,39.18,BD,6,0.64994,1,0.15265,0.5922,1.7,0.0,BD,8,-0.71085,1,0.49982,0.758,3.6,0.0,BD,7,-0.96092,5,-0.1836,0.8164,1.8,5.4,BD,5,-0.1836,1,-0.05547,0.4703,2.5,0.0,BD,5,-0.1836,1,-0.06653,0.4649,2.5,0.0,BD*,6,0.64994,1,0.15265,0.4078,1.7,0.0,BD*,8,-0.71085,1,0.49982,0.242,3.6,0.0,BD*,7,-0.96092,5,-0.1836,0.1836,1.8,5.4,BD*,5,-0.1836,1,-0.05547,0.5297,2.5,0.0,BD*,5,-0.1836,1,-0.06653,0.5351,2.5,0.0,BD,6,0.63531,5,-0.30121,0.62,1.3,2.4,BD,1,0.04338,5,-0.30121,0.4888,0.0,2.4,BD,1,0.12338,1,0.2619,0.5502,0.0,0.0,LP,7,-1.13829,0,0,0,3.5,0.0,LP*,1,0.48966,0,0,0,0.0,0.0,LP*,5,-0.30121,0,0,0,7.4,0.0,BD*,6,0.63531,5,-0.30121,0.38,1.3,2.4,BD*,1,0.04338,5,-0.30121,0.5112,0.0,2.4,BD*,1,0.12338,1,0.2619,0.4498,0.0,0.0
id:,2544,Ea:,32.88,Erxn:,32.88,BD,7,-0.9892,5,-0.16345,0.8258,1.9,5.6,BD*,7,-0.9892,5,-0.16345,0.1742,1.9,5.6,LP,7,-1.13994,0,0,0,4.0,0.0,LP*,5,0.21993,0,0,0,0.0,0.0
id:,2220,Ea:,76.52,Erxn:,21.70,BD,6,0.64556,8,-0.73682,0.3051,2.5,1.9,BD,6,0.64556,1,0.16002,0.5955,1.7,0.0,BD*,6,0.64556,8,-0.73682,0.6949,2.5,1.9,BD*,6,0.64556,1,0.16002,0.4045,1.7,0.0,BD,8,-0.97706,1,0.49898,0.7635,2.7,0.0,LP,6,0.4961,0,0,0,0.3,0.0,BD*,8,-0.97706,1,0.49898,0.2365,2.7,0.0
id:,2102,Ea:,65.51,Erxn:,31.23,BD,6,0.64351,8,-0.72681,0.305,2.6,1.9,BD,6,0.64351,1,0.18306,0.6056,1.6,0.0,BD,7,-0.96263,1,0.44109,0.7239,3.6,0.0,BD,5,-0.17569,1,-0.0561,0.4699,2.5,0.0,BD*,6,0.64351,8,-0.72681,0.695,2.6,1.9,BD*,6,0.64351,1,0.18306,0.3944,1.6,0.0,BD*,7,-0.96263,1,0.44109,0.2761,3.6,0.0,BD*,5,-0.17569,1,-0.0561,0.5301,2.5,0.0,BD,8,-0.96504,1,0.48739,0.7497,3.0,0.0,BD,1,0.01431,1,-0.0147,0.4926,0.0,0.0,LP,6,0.50845,0,0,0,0.3,0.0,BD*,8,-0.96504,1,0.48739,0.2503,3.0,0.0,BD*,1,0.01431,1,-0.0147,0.5074,0.0,0.0
id:,2109,Ea:,61.69,Erxn:,21.54,BD,7,-0.96344,1,0.4475,0.7281,3.5,0.0,BD,5,-0.1657,1,-0.05816,0.4695,2.5,0.0,BD,5,-0.1657,1,-0.06355,0.4661,2.5,0.0,BD*,7,-0.96344,1,0.4475,0.2719,3.5,0.0,BD*,5,-0.1657,1,-0.05816,0.5305,2.5,0.0,BD*,5,-0.1657,1,-0.06355,0.5339,2.5,0.0,BD,6,0.09926,5,0.56335,0.6542,1.9,1.9,BD,8,-0.76182,1,0.47759,0.741,3.8,0.0,BD,1,-0.02524,1,0.01703,0.5109,0.0,0.0,BD*,6,0.09926,5,0.56335,0.3458,1.9,1.9,BD*,8,-0.76182,1,0.47759,0.259,3.8,0.0,BD*,1,-0.02524,1,0.01703,0.4891,0.0,0.0
id:,2685,Ea:,47.53,Erxn:,19.00,BD,6,0.65029,8,-0.7483,0.3029,2.5,2.0,BD,7,-0.96829,1,0.44639,0.731,3.4,0.0,BD,5,-0.17207,1,-0.07323,0.461,2.6,0.0,BD*,6,0.65029,8,-0.7483,0.6971,2.5,2.0,BD*,7,-0.96829,1,0.44639,0.269,3.4,0.0,BD*,5,-0.17207,1,-0.07323,0.539,2.6,0.0,BD,6,0.22623,1,0.13372,0.5837,1.9,0.0,BD,8,-0.95756,1,0.48711,0.7513,2.9,0.0,BD*,6,0.22623,1,0.13372,0.4163,1.9,0.0,BD*,8,-0.95756,1,0.48711,0.2487,2.9,0.0
id:,2118,Ea:,57.07,Erxn:,8.46,BD,6,0.64498,8,-0.69863,0.3106,2.4,1.9,BD,5,-0.16374,1,-0.0676,0.4645,2.5,0.0,BD*,6,0.64498,8,-0.69863,0.6894,2.4,1.9,BD*,5,-0.16374,1,-0.0676,0.5355,2.5,0.0,BD,6,0.2322,1,0.11957,0.5783,1.9,0.0,BD,8,-0.93689,5,0.38597,0.798,1.2,3.1,BD*,6,0.2322,1,0.11957,0.4217,1.9,0.0,BD*,8,-0.93689,5,0.38597,0.202,1.2,3.1
id:,2119,Ea:,46.94,Erxn:,-0.51,BD,5,-0.16316,1,-0.057,0.4693,2.5,0.0,BD*,5,-0.16316,1,-0.057,0.5307,2.5,0.0,BD,6,0.24107,1,0.12423,0.5775,2.8,0.0,BD,8,-0.76801,5,0.37532,0.8025,1.3,3.1,BD*,6,0.24107,1,0.12423,0.4225,2.8,0.0,BD*,8,-0.76801,5,0.37532,0.1975,1.3,3.1
id:,2162,Ea:,100.69,Erxn:,60.82,BD,6,0.63981,8,-0.57333,0.3152,0.0,0.0,BD,6,0.63981,8,-0.57333,0.3399,1.9,1.5,BD,5,-0.18082,1,-0.03622,0.4807,2.4,0.0,BD*,6,0.63981,8,-0.57333,0.6848,0.0,0.0,BD*,6,0.63981,8,-0.57333,0.6601,1.9,1.5,BD*,5,-0.18082,1,-0.03622,0.5193,2.4,0.0,BD,8,-0.92804,5,0.37397,0.7968,1.3,3.2,BD,8,-0.92804,1,0.5003,0.7528,3.9,0.0,LP,6,0.04858,0,0,0,0.6,0.0,BD*,8,-0.92804,5,0.37397,0.2032,1.3,3.2,BD*,8,-0.92804,1,0.5003,0.2472,3.9,0.0
id:,2593,Ea:,90.78,Erxn:,44.70,BD,7,-0.96227,5,-0.17946,0.8198,1.8,5.4,BD,5,-0.17946,1,-0.03946,0.4787,2.4,0.0,BD*,7,-0.96227,5,-0.17946,0.1802,1.8,5.4,BD*,5,-0.17946,1,-0.03946,0.5213,2.4,0.0,BD,6,0.1239,5,0.18593,0.6744,1.6,2.8,BD,8,-0.71417,5,0.18593,0.868,4.1,0.0,BD,8,-0.71417,1,0.51102,0.7595,3.7,0.0,LP,7,-1.12537,0,0,0,2.9,0.0,BD*,6,0.1239,5,0.18593,0.3256,1.6,2.8,BD*,8,-0.71417,5,0.18593,0.132,4.1,0.0,BD*,8,-0.71417,1,0.51102,0.2405,3.7,0.0
id:,2154,Ea:,69.89,Erxn:,14.96,BD,6,0.60887,1,0.1563,0.5944,1.7,0.0,BD,8,-0.71826,1,0.51334,0.7642,3.5,0.0,BD,7,-0.95845,1,0.42915,0.7196,3.4,0.0,BD,5,-0.1707,1,-0.06519,0.4655,2.5,0.0,BD*,6,0.60887,1,0.1563,0.4056,1.7,0.0,BD*,8,-0.71826,1,0.51334,0.2358,3.5,0.0,BD*,7,-0.95845,1,0.42915,0.2804,3.4,0.0,BD*,5,-0.1707,1,-0.06519,0.5345,2.5,0.0,BD,1,0.01153,1,-0.01362,0.4938,0.0,0.0,BD,1,0.0007,1,-0.00184,0.4993,0.0,0.0,BD*,1,0.01153,1,-0.01362,0.5062,0.0,0.0,BD*,1,0.0007,1,-0.00184,0.5007,0.0,0.0
id:,2191,Ea:,69.93,Erxn:,30.39,BD,6,0.64312,8,-0.68754,0.311,2.4,2.0,BD,6,0.64312,1,0.15447,0.5928,1.7,0.0,BD,7,-0.965,5,-0.16818,0.8213,1.8,5.6,BD,5,-0.16818,1,-0.06224,0.4671,2.5,0.0,BD*,6,0.64312,8,-0.68754,0.689,2.4,2.0,BD*,6,0.64312,1,0.15447,0.4072,1.7,0.0,BD*,7,-0.965,5,-0.16818,0.1787,1.8,5.6,BD*,5,-0.16818,1,-0.06224,0.5329,2.5,0.0,BD,8,-0.88124,5,0.59879,0.8123,1.2,2.7,BD,8,-0.88124,5,0.59879,0.8864,0.0,0.0,BD,1,-0.02386,1,0.01237,0.5092,0.0,0.0,LP,6,0.51186,0,0,0,0.3,0.0,LP,7,-1.13302,0,0,0,3.1,0.0,BD*,8,-0.88124,5,0.59879,0.1877,1.2,2.7,BD*,8,-0.88124,5,0.59879,0.1136,0.0,0.0,BD*,1,-0.02386,1,0.01237,0.4908,0.0,0.0
id:,2306,Ea:,93.92,Erxn:,82.24,BD,6,0.63953,1,0.14718,0.5898,1.7,0.0,BD,7,-0.96428,5,-0.17217,0.823,1.7,5.6,BD*,6,0.63953,1,0.14718,0.4102,1.7,0.0,BD*,7,-0.96428,5,-0.17217,0.177,1.7,5.6,BD,8,-0.69737,1,0.56379,0.7857,3.2,0.0,BD,8,-0.69737,5,-0.10131,0.8822,1.5,7.9,LP,6,0.52518,0,0,0,0.5,0.0,LP,7,-1.1254,0,0,0,3.0,0.0,BD*,8,-0.69737,1,0.56379,0.2143,3.2,0.0,BD*,8,-0.69737,5,-0.10131,0.1178,1.5,7.9
id:,2212,Ea:,137.09,Erxn:,69.94,BD,6,0.64026,8,-0.74077,0.3055,2.5,2.0,BD,7,-0.96106,1,0.44046,0.7259,3.4,0.0,BD*,6,0.64026,8,-0.74077,0.6945,2.5,2.0,BD*,7,-0.96106,1,0.44046,0.2741,3.4,0.0,BD,6,0.24414,1,0.17052,0.6,1.8,0.0,BD,8,-0.60396,7,-0.45953,0.5318,4.7,4.5,BD*,6,0.24414,1,0.17052,0.4,1.8,0.0,BD*,8,-0.60396,7,-0.45953,0.4682,4.7,4.5
id:,2318,Ea:,113.70,Erxn:,70.95,BD,7,-0.96349,1,0.44476,0.7282,3.4,0.0,BD*,7,-0.96349,1,0.44476,0.2718,3.4,0.0,BD,6,0.19449,1,0.16512,0.5938,2.6,0.0,BD,8,-0.41618,7,-0.45443,0.5466,4.5,4.4,BD*,6,0.19449,1,0.16512,0.4062,2.6,0.0,BD*,8,-0.41618,7,-0.45443,0.4534,4.5,4.4
id:,2224,Ea:,73.96,Erxn:,28.22,BD,6,0.63755,8,-0.73232,0.3071,2.4,2.0,BD,7,-0.96717,1,0.44014,0.7266,3.4,0.0,BD*,6,0.63755,8,-0.73232,0.6929,2.4,2.0,BD*,7,-0.96717,1,0.44014,0.2734,3.4,0.0,BD,6,0.55636,7,-0.84984,0.3523,2.3,2.6,BD,8,-0.96948,1,0.50701,0.759,2.8,0.0,BD*,6,0.55636,7,-0.84984,0.6477,2.3,2.6,BD*,8,-0.96948,1,0.50701,0.241,2.8,0.0
id:,2243,Ea:,130.04,Erxn:,54.43,BD,6,0.64558,8,-0.58225,0.3305,2.9,2.2,BD,6,0.64558,8,-0.58225,0.3216,9.8,8.9,BD,7,-0.96224,1,0.44052,0.7241,3.6,0.0,BD,5,-0.16446,1,-0.05191,0.472,2.4,0.0,BD,5,-0.16446,1,-0.06684,0.4649,2.5,0.0,BD*,6,0.64558,8,-0.58225,0.6695,2.9,2.2,BD*,6,0.64558,8,-0.58225,0.6784,9.8,8.9,BD*,7,-0.96224,1,0.44052,0.2759,3.6,0.0,BD*,5,-0.16446,1,-0.05191,0.528,2.4,0.0,BD*,5,-0.16446,1,-0.06684,0.5351,2.5,0.0,BD,8,-0.89202,5,0.81706,0.9147,6.3,4.8,BD,8,-0.89202,5,0.81706,0.8572,2.0,3.4,BD,8,-0.89202,1,0.49598,0.7532,4.0,0.0,BD,1,-0.00082,1,0.00192,0.5007,0.0,0.0,LP,6,0.0479,0,0,0,0.6,0.0,BD*,8,-0.89202,5,0.81706,0.0853,6.3,4.8,BD*,8,-0.89202,5,0.81706,0.1428,2.0,3.4,BD*,8,-0.89202,1,0.49598,0.2468,4.0,0.0,BD*,1,-0.00082,1,0.00192,0.4993,0.0,0.0
id:,2285,Ea:,102.32,Erxn:,73.68,BD,6,0.63971,8,-0.71613,0.3091,2.4,2.0,BD,7,-0.96165,1,0.43542,0.721,3.6,0.0,BD,5,-0.18046,1,-0.03613,0.4807,2.4,0.0,BD*,6,0.63971,8,-0.71613,0.6909,2.4,2.0,BD*,7,-0.96165,1,0.43542,0.279,3.6,0.0,BD*,5,-0.18046,1,-0.03613,0.5193,2.4,0.0,BD,8,-0.96027,1,0.47337,0.7402,3.7,0.0,BD,8,-0.65651,1,0.49362,0.7615,3.6,0.0,LP,6,0.05549,0,0,0,0.7,0.0,BD*,8,-0.96027,1,0.47337,0.2598,3.7,0.0,BD*,8,-0.65651,1,0.49362,0.2385,3.6,0.0
id:,2288,Ea:,92.14,Erxn:,14.53,BD,5,-0.17897,1,-0.03874,0.4789,2.4,0.0,BD*,5,-0.17897,1,-0.03874,0.5211,2.4,0.0,BD,6,0.14427,5,0.01049,0.6511,1.6,2.7,BD,8,-0.80476,1,0.473,0.7416,3.9,0.0,BD*,6,0.14427,5,0.01049,0.3489,1.6,2.7,BD*,8,-0.80476,1,0.473,0.2584,3.9,0.0
id:,2331,Ea:,137.54,Erxn:,128.36,BD,6,0.65793,8,-0.61846,0.3028,0.0,0.0,BD,6,0.65793,8,-0.61846,0.3344,2.0,1.5,BD,7,-0.96647,1,0.4512,0.7306,3.4,0.0,BD*,6,0.65793,8,-0.61846,0.6972,0.0,0.0,BD*,6,0.65793,8,-0.61846,0.6656,2.0,1.5,BD*,7,-0.96647,1,0.4512,0.2694,3.4,0.0,BD,8,-0.58445,7,-0.46034,0.5379,4.8,4.6,BD,8,-0.58445,1,0.52087,0.7672,3.0,0.0,LP,6,0.0436,0,0,0,0.6,0.0,BD*,8,-0.58445,7,-0.46034,0.4621,4.8,4.6,BD*,8,-0.58445,1,0.52087,0.2328,3.0,0.0
id:,2348,Ea:,31.64,Erxn:,23.57,BD,8,-0.71853,1,0.51694,0.768,3.3,0.0,BD,7,-0.96401,5,-0.15936,0.8155,1.8,5.3,BD,5,-0.15936,1,-0.08956,0.4521,2.6,0.0,BD*,8,-0.71853,1,0.51694,0.232,3.3,0.0,BD*,7,-0.96401,5,-0.15936,0.1845,1.8,5.3,BD*,5,-0.15936,1,-0.08956,0.5479,2.6,0.0,BD,8,-0.72844,5,0.62834,0.8225,1.3,2.9,BD,8,-0.72844,5,0.62834,0.9171,0.0,0.0,BD,1,0.01923,1,-0.02749,0.4881,0.0,0.0,LP,7,-1.13207,0,0,0,3.0,0.0,BD*,8,-0.72844,5,0.62834,0.1775,1.3,2.9,BD*,8,-0.72844,5,0.62834,0.0829,0.0,0.0,BD*,1,0.01923,1,-0.02749,0.5119,0.0,0.0
id:,2370,Ea:,73.78,Erxn:,67.07,BD,6,0.6364,1,0.14955,0.5909,1.7,0.0,BD,7,-0.96516,5,-0.16102,0.8228,1.8,5.6,BD,5,-0.16102,1,-0.05563,0.4703,2.4,0.0,BD*,6,0.6364,1,0.14955,0.4091,1.7,0.0,BD*,7,-0.96516,5,-0.16102,0.1772,1.8,5.6,BD*,5,-0.16102,1,-0.05563,0.5297,2.4,0.0,BD,8,-0.77602,5,0.62653,0.8212,1.3,2.7,BD,8,-0.77602,5,0.62653,0.9193,1.0,1.0,BD,1,-0.03518,1,0.03072,0.5167,0.0,0.0,LP,6,0.53004,0,0,0,0.5,0.0,LP,7,-1.13492,0,0,0,3.1,0.0,BD*,8,-0.77602,5,0.62653,0.1788,1.3,2.7,BD*,8,-0.77602,5,0.62653,0.0807,1.0,1.0,BD*,1,-0.03518,1,0.03072,0.4833,0.0,0.0
id:,2385,Ea:,65.07,Erxn:,55.36,BD,6,0.6519,1,0.18107,0.6053,1.6,0.0,BD,7,-0.96297,1,0.44606,0.727,3.5,0.0,BD,5,-0.17291,1,-0.05924,0.4684,2.5,0.0,BD*,6,0.6519,1,0.18107,0.3947,1.6,0.0,BD*,7,-0.96297,1,0.44606,0.273,3.5,0.0,BD*,5,-0.17291,1,-0.05924,0.5316,2.5,0.0,BD,8,-0.7643,1,0.52744,0.7771,3.0,0.0,BD,1,0.01939,1,-0.02787,0.4879,0.0,0.0,LP,6,0.46714,0,0,0,0.6,0.0,BD*,8,-0.7643,1,0.52744,0.2229,3.0,0.0,BD*,1,0.01939,1,-0.02787,0.5121,0.0,0.0
id:,2448,Ea:,99.58,Erxn:,12.73,BD,6,0.65322,1,0.17309,0.6011,1.6,0.0,BD,5,-0.17076,1,-0.06923,0.4636,2.5,0.0,BD*,6,0.65322,1,0.17309,0.3989,1.6,0.0,BD*,5,-0.17076,1,-0.06923,0.5364,2.5,0.0,BD,6,0.62091,5,-0.05115,0.6372,1.1,2.8,BD,1,0.01437,1,-0.0152,0.4926,0.0,0.0,BD*,6,0.62091,5,-0.05115,0.3628,1.1,2.8,BD*,1,0.01437,1,-0.0152,0.5074,0.0,0.0
id:,2449,Ea:,71.35,Erxn:,16.94,BD,6,0.66586,8,-0.70193,0.3103,2.4,2.0,BD,5,-0.169,1,-0.06484,0.4659,2.5,0.0,BD*,6,0.66586,8,-0.70193,0.6897,2.4,2.0,BD*,5,-0.169,1,-0.06484,0.5341,2.5,0.0,BD,6,0.19134,5,-0.04851,0.6301,1.3,2.8,BD,8,-0.95361,1,0.4882,0.7479,3.0,0.0,BD*,6,0.19134,5,-0.04851,0.3699,1.3,2.8,BD*,8,-0.95361,1,0.4882,0.2521,3.0,0.0
id:,2450,Ea:,59.27,Erxn:,37.26,BD,6,0.66803,1,0.12425,0.5784,1.7,0.0,BD,7,-0.95979,5,-0.18941,0.8183,1.8,5.4,BD*,6,0.66803,1,0.12425,0.4216,1.7,0.0,BD*,7,-0.95979,5,-0.18941,0.1817,1.8,5.4,BD,6,0.64781,5,-0.4156,0.651,0.9,3.3,BD,1,0.44992,7,-1.0438,0.2235,0.0,2.8,BD*,6,0.64781,5,-0.4156,0.349,0.9,3.3,BD*,1,0.44992,7,-1.0438,0.7765,0.0,2.8
id:,2481,Ea:,31.91,Erxn:,19.03,BD,7,-0.96746,5,-0.16865,0.8156,1.8,5.3,BD*,7,-0.96746,5,-0.16865,0.1844,1.8,5.3,BD,8,-0.69247,5,-0.05564,0.875,2.6,6.5,LP,7,-1.11556,0,0,0,3.9,0.0,BD*,8,-0.69247,5,-0.05564,0.125,2.6,6.5
id:,2480,Ea:,81.43,Erxn:,52.90,BD,6,0.64813,8,-0.73166,0.3059,2.5,2.0,BD,6,0.64813,1,0.15743,0.5937,1.6,0.0,BD,7,-0.96422,1,0.432,0.721,3.5,0.0,BD*,6,0.64813,8,-0.73166,0.6941,2.5,2.0,BD*,6,0.64813,1,0.15743,0.4063,1.6,0.0,BD*,7,-0.96422,1,0.432,0.279,3.5,0.0,BD,8,-0.98265,1,0.49215,0.7577,2.7,0.0,BD,1,0.42996,7,-1.12621,0.2792,0.0,2.0,LP,6,0.49262,0,0,0,0.3,0.0,BD*,8,-0.98265,1,0.49215,0.2423,2.7,0.0,BD*,1,0.42996,7,-1.12621,0.7208,0.0,2.0
id:,2531,Ea:,64.58,Erxn:,42.49,BD,6,0.64614,1,0.14667,0.5896,1.7,0.0,BD,7,-0.97324,1,0.44708,0.7317,3.4,0.0,BD*,6,0.64614,1,0.14667,0.4104,1.7,0.0,BD*,7,-0.97324,1,0.44708,0.2683,3.4,0.0,BD,8,-0.73136,1,0.55537,0.7931,2.7,0.0,BD,1,0.43315,7,-0.9898,0.2456,0.0,3.0,LP,6,0.45537,0,0,0,0.7,0.0,BD*,8,-0.73136,1,0.55537,0.2069,2.7,0.0,BD*,1,0.43315,7,-0.9898,0.7544,0.0,3.0
id:,2538,Ea:,71.40,Erxn:,25.94,BD,7,-0.96557,1,0.44334,0.7285,3.4,0.0,BD*,7,-0.96557,1,0.44334,0.2715,3.4,0.0,BD,6,0.58372,7,-0.81139,0.3663,3.1,2.8,BD,8,-0.78046,1,0.50312,0.7536,3.6,0.0,BD*,6,0.58372,7,-0.81139,0.6337,3.1,2.8,BD*,8,-0.78046,1,0.50312,0.2464,3.6,0.0
id:,2747,Ea:,66.27,Erxn:,53.03,BD,6,0.64663,8,-0.73921,0.3037,2.5,1.9,BD,6,0.64663,1,0.16568,0.5979,1.6,0.0,BD,7,-0.96824,1,0.44397,0.7287,3.4,0.0,BD,5,-0.17061,1,-0.06045,0.4679,2.5,0.0,BD*,6,0.64663,8,-0.73921,0.6963,2.5,1.9,BD*,6,0.64663,1,0.16568,0.4021,1.6,0.0,BD*,7,-0.96824,1,0.44397,0.2713,3.4,0.0,BD*,5,-0.17061,1,-0.06045,0.5321,2.5,0.0,BD,8,-0.99614,1,0.50286,0.7723,2.5,0.0,LP,6,0.49831,0,0,0,0.3,0.0,LP,7,-1.15746,0,0,0,5.3,0.0,LP,1,0.13227,0,0,0,0.0,0.0,LP*,1,0.19714,0,0,0,0.0,0.0,LP*,5,0.06239,0,0,0,0.0,0.0,BD*,8,-0.99614,1,0.50286,0.2277,2.5,0.0
id:,3083,Ea:,37.51,Erxn:,12.66,BD,6,0.64139,8,-0.70699,0.3099,2.4,2.0,BD,7,-1.0669,5,0.40321,0.7627,1.1,2.4,BD,7,-1.0669,5,0.40321,0.8503,1.0,0.0,BD*,6,0.64139,8,-0.70699,0.6901,2.4,2.0,BD*,7,-1.0669,5,0.40321,0.2373,1.1,2.4,BD*,7,-1.0669,5,0.40321,0.1497,1.0,0.0,BD,6,0.51206,7,-0.88238,0.373,2.0,1.7,BD,8,-0.88159,5,0.56444,0.8068,1.1,2.6,BD,8,-0.88159,5,0.56444,0.8889,0.0,1.0,LP,7,-0.88238,0,0,0,0.0,0.0,BD*,6,0.51206,7,-0.88238,0.627,2.0,1.7,BD*,8,-0.88159,5,0.56444,0.1932,1.1,2.6,BD*,8,-0.88159,5,0.56444,0.1111,0.0,1.0
id:,2769,Ea:,85.67,Erxn:,19.94,BD,5,0.39623,1,-0.07526,0.4597,1.8,0.0,BD*,5,0.39623,1,-0.07526,0.5403,1.8,0.0,BD,6,0.09267,5,0.56092,0.6541,1.9,1.9,BD,8,-0.74959,1,0.47096,0.7398,3.9,0.0,BD*,6,0.09267,5,0.56092,0.3459,1.9,1.9,BD*,8,-0.74959,1,0.47096,0.2602,3.9,0.0
id:,2785,Ea:,112.19,Erxn:,81.82,BD,6,0.64136,8,-0.71036,0.3099,2.4,2.0,BD,8,-0.71036,1,0.50268,0.7594,3.6,0.0,BD*,6,0.64136,8,-0.71036,0.6901,2.4,2.0,BD*,8,-0.71036,1,0.50268,0.2406,3.6,0.0,BD,6,0.22378,1,0.14677,0.5898,1.8,0.0,BD,8,-0.55027,7,-0.53685,0.4974,0.0,7.2,BD,8,-0.55027,5,0.38837,0.8086,2.1,4.4,BD*,6,0.22378,1,0.14677,0.4102,1.8,0.0,BD*,8,-0.55027,7,-0.53685,0.5026,0.0,7.2,BD*,8,-0.55027,5,0.38837,0.1914,2.1,4.4
id:,3396,Ea:,105.10,Erxn:,73.96,BD,8,-0.71261,1,0.50757,0.7611,3.5,0.0,BD*,8,-0.71261,1,0.50757,0.2389,3.5,0.0,BD,8,-0.38614,7,-0.46244,0.5758,4.6,5.6,BD,1,-0.04182,5,-0.18712,0.5238,0.0,2.4,BD*,8,-0.38614,7,-0.46244,0.4242,4.6,5.6,BD*,1,-0.04182,5,-0.18712,0.4762,0.0,2.4
id:,2845,Ea:,12.24,Erxn:,-4.32,BD,8,-0.71357,1,0.50449,0.7611,3.5,0.0,BD*,8,-0.71357,1,0.50449,0.2389,3.5,0.0,BD,8,-0.6649,5,0.35162,0.8166,1.4,3.7,BD,1,0.46543,7,-1.02783,0.2383,0.0,3.0,BD*,8,-0.6649,5,0.35162,0.1834,1.4,3.7,BD*,1,0.46543,7,-1.02783,0.7617,0.0,3.0
id:,3489,Ea:,66.94,Erxn:,19.22,BD,6,0.64907,1,0.15514,0.5929,1.6,0.0,BD,5,0.37397,1,-0.07487,0.4599,1.8,0.0,BD*,6,0.64907,1,0.15514,0.4071,1.6,0.0,BD*,5,0.37397,1,-0.07487,0.5401,1.8,0.0,BD,6,0.56829,5,0.52175,0.645,1.3,2.0,BD,1,0.01382,1,-0.01883,0.4917,0.0,0.0,BD*,6,0.56829,5,0.52175,0.355,1.3,2.0,BD*,1,0.01382,1,-0.01883,0.5083,0.0,0.0
id:,3075,Ea:,36.37,Erxn:,-11.87,BD,5,0.4197,1,-0.08758,0.4533,1.8,0.0,BD*,5,0.4197,1,-0.08758,0.5467,1.8,0.0,BD,6,0.21827,1,0.19065,0.6031,2.6,0.0,BD,8,-0.74485,5,0.79921,0.8065,1.2,2.4,BD*,6,0.21827,1,0.19065,0.3969,2.6,0.0,BD*,8,-0.74485,5,0.79921,0.1935,1.2,2.4
id:,3465,Ea:,120.45,Erxn:,85.44,BD,6,0.14048,5,0.0869,0.6703,1.7,3.0,BD,8,-0.42901,7,-0.48916,0.5244,6.1,5.0,BD*,6,0.14048,5,0.0869,0.3297,1.7,3.0,BD*,8,-0.42901,7,-0.48916,0.4756,6.1,5.0
id:,3343,Ea:,69.89,Erxn:,8.96,BD,6,0.64412,1,0.15492,0.5933,1.6,0.0,BD*,6,0.64412,1,0.15492,0.4067,1.6,0.0,BD,6,0.638,5,-0.05106,0.6404,1.2,3.0,BD,1,0.45901,7,-0.98571,0.252,0.0,3.3,BD*,6,0.638,5,-0.05106,0.3596,1.2,3.0,BD*,1,0.45901,7,-0.98571,0.748,0.0,3.3
id:,3473,Ea:,49.10,Erxn:,20.32,BD,6,0.64275,8,-0.71011,0.3078,2.5,2.0,BD,6,0.64275,1,0.15725,0.5952,1.6,0.0,BD*,6,0.64275,8,-0.71011,0.6922,2.5,2.0,BD*,6,0.64275,1,0.15725,0.4048,1.6,0.0,BD,8,-0.97136,5,0.3875,0.7973,1.3,3.2,BD,1,0.44404,7,-1.00199,0.2646,0.0,3.2,LP,6,0.48721,0,0,0,0.3,0.0,BD*,8,-0.97136,5,0.3875,0.2027,1.3,3.2,BD*,1,0.44404,7,-1.00199,0.7354,0.0,3.2
id:,3048,Ea:,62.16,Erxn:,33.01,BD,6,0.64571,1,0.16138,0.5955,1.6,0.0,BD*,6,0.64571,1,0.16138,0.4045,1.6,0.0,BD,6,0.96908,7,-0.85152,0.3679,2.0,2.6,BD,1,-0.05338,5,-0.11999,0.5285,0.0,2.4,BD*,6,0.96908,7,-0.85152,0.6321,2.0,2.6,BD*,1,-0.05338,5,-0.11999,0.4715,0.0,2.4
id:,2830,Ea:,142.23,Erxn:,130.37,BD,6,0.64113,1,0.16173,0.5964,1.6,0.0,BD*,6,0.64113,1,0.16173,0.4036,1.6,0.0,BD*,6,0.70018,7,-0.78557,0.4103,3.8,0.0,BD,1,0.04599,5,-0.189,0.5165,0.0,3.2,BD,6,0.70018,7,-0.78557,0.5897,3.8,0.0,BD*,1,0.04599,5,-0.189,0.4835,0.0,3.2
id:,3333,Ea:,35.96,Erxn:,16.17,BD,6,0.64322,1,0.16062,0.5954,1.7,0.0,BD,8,-0.70962,1,0.49978,0.7581,3.7,0.0,BD*,6,0.64322,1,0.16062,0.4046,1.7,0.0,BD*,8,-0.70962,1,0.49978,0.2419,3.7,0.0,BD,1,-0.07854,5,-0.16619,0.5424,0.0,2.6,BD,1,0.444,7,-0.97127,0.2711,0.0,3.3,BD*,1,-0.07854,5,-0.16619,0.4576,0.0,2.6,BD*,1,0.444,7,-0.97127,0.7289,0.0,3.3
id:,2835,Ea:,63.78,Erxn:,39.26,BD,6,0.64559,1,0.15692,0.5944,1.7,0.0,BD,5,0.39412,1,-0.08535,0.4546,1.8,0.0,BD*,6,0.64559,1,0.15692,0.4056,1.7,0.0,BD*,5,0.39412,1,-0.08535,0.5454,1.8,0.0,BD,8,-0.75566,5,0.82756,0.8144,1.4,2.5,BD,1,0.00575,1,-0.0111,0.4955,0.0,0.0,LP,6,0.48502,0,0,0,0.6,0.0,BD*,8,-0.75566,5,0.82756,0.1856,1.4,2.5,BD*,1,0.00575,1,-0.0111,0.5045,0.0,0.0
id:,2961,Ea:,49.03,Erxn:,-0.77,BD,6,0.64049,8,-0.7107,0.3098,2.4,1.9,BD,5,0.41968,1,-0.09792,0.4478,1.8,0.0,BD*,6,0.64049,8,-0.7107,0.6902,2.4,1.9,BD*,5,0.41968,1,-0.09792,0.5522,1.8,0.0,BD,6,0.2223,1,0.14705,0.5905,1.8,0.0,BD,8,-0.8954,5,0.8102,0.7999,1.1,2.4,BD*,6,0.2223,1,0.14705,0.4095,1.8,0.0,BD*,8,-0.8954,5,0.8102,0.2001,1.1,2.4
id:,2847,Ea:,60.45,Erxn:,46.11,BD,7,-1.065,1,0.41589,0.7125,2.8,0.0,BD,5,0.41849,1,-0.09791,0.4482,1.8,0.0,BD*,7,-1.065,1,0.41589,0.2875,2.8,0.0,BD*,5,0.41849,1,-0.09791,0.5518,1.8,0.0,BD,6,0.20593,1,0.17864,0.5975,2.6,0.0,BD,8,-0.77843,1,0.4911,0.755,3.4,0.0,BD*,6,0.20593,1,0.17864,0.4025,2.6,0.0,BD*,8,-0.77843,1,0.4911,0.245,3.4,0.0
id:,3261,Ea:,98.37,Erxn:,52.00,BD,6,0.64485,8,-0.58204,0.3323,2.9,2.3,BD,6,0.64485,8,-0.58204,0.3193,9.5,8.0,BD,5,0.41131,1,-0.0706,0.462,1.8,0.0,BD*,6,0.64485,8,-0.58204,0.6677,2.9,2.3,BD*,6,0.64485,8,-0.58204,0.6807,9.5,8.0,BD*,5,0.41131,1,-0.0706,0.538,1.8,0.0,BD,8,-0.98325,5,0.83238,0.8104,1.1,2.5,BD,8,-0.98325,1,0.5209,0.7617,4.0,0.0,LP,6,0.05075,0,0,0,0.7,0.0,BD*,8,-0.98325,5,0.83238,0.1896,1.1,2.5,BD*,8,-0.98325,1,0.5209,0.2383,4.0,0.0
id:,3430,Ea:,35.21,Erxn:,24.38,BD,6,0.595,7,-0.88008,0.339,3.6,3.2,BD,8,-0.75817,5,0.39748,0.811,2.0,3.7,BD*,6,0.595,7,-0.88008,0.661,3.6,3.2,BD*,8,-0.75817,5,0.39748,0.189,2.0,3.7
id:,3104,Ea:,70.25,Erxn:,33.17,BD,5,0.39857,1,-0.06583,0.4648,1.7,0.0,BD,5,0.39857,1,-0.0906,0.4519,1.8,0.0,BD*,5,0.39857,1,-0.06583,0.5352,1.7,0.0,BD*,5,0.39857,1,-0.0906,0.5481,1.8,0.0,BD,6,0.0806,5,0.90519,0.6604,1.9,1.8,BD,8,-0.68915,5,0.90519,0.7952,1.7,2.9,BD,8,-0.68915,5,0.90519,0.926,0.0,0.0,BD,1,0.00855,1,-0.01259,0.4945,0.0,0.0,BD*,6,0.0806,5,0.90519,0.3396,1.9,1.8,BD*,8,-0.68915,5,0.90519,0.2048,1.7,2.9,BD*,8,-0.68915,5,0.90519,0.074,0.0,0.0,BD*,1,0.00855,1,-0.01259,0.5055,0.0,0.0
id:,3125,Ea:,151.70,Erxn:,78.84,BD,6,0.63791,8,-0.7207,0.309,2.4,2.0,BD,7,-1.06165,1,0.4169,0.7146,2.7,0.0,BD*,6,0.63791,8,-0.7207,0.691,2.4,2.0,BD*,7,-1.06165,1,0.4169,0.2854,2.7,0.0,BD,6,0.22368,1,0.14326,0.5886,1.9,0.0,BD,8,-0.57974,7,-0.5332,0.5569,4.1,3.9,BD*,6,0.22368,1,0.14326,0.4114,1.9,0.0,BD*,8,-0.57974,7,-0.5332,0.4431,4.1,3.9
id:,3720,Ea:,71.08,Erxn:,16.42,BD,6,0.646,8,-0.72593,0.3067,2.4,2.0,BD,7,-1.06907,1,0.42005,0.7167,2.7,0.0,BD*,6,0.646,8,-0.72593,0.6933,2.4,2.0,BD*,7,-1.06907,1,0.42005,0.2833,2.7,0.0,BD,6,0.55134,7,-0.89125,0.3655,2.1,2.1,BD,8,-0.97435,1,0.46557,0.7342,3.6,0.0,BD*,6,0.55134,7,-0.89125,0.6345,2.1,2.1,BD*,8,-0.97435,1,0.46557,0.2658,3.6,0.0
id:,3718,Ea:,77.81,Erxn:,28.94,BD,6,0.64014,8,-0.73059,0.3063,2.5,2.0,BD,6,0.64014,1,0.16412,0.598,1.6,0.0,BD,7,-1.07947,1,0.42415,0.7188,2.6,0.0,BD*,6,0.64014,8,-0.73059,0.6937,2.5,2.0,BD*,6,0.64014,1,0.16412,0.402,1.6,0.0,BD*,7,-1.07947,1,0.42415,0.2812,2.6,0.0,BD,8,-0.97114,1,0.48781,0.751,2.9,0.0,BD,1,0.42692,7,-1.09134,0.2753,0.0,2.5,LP,6,0.49529,0,0,0,0.3,0.0,BD*,8,-0.97114,1,0.48781,0.249,2.9,0.0,BD*,1,0.42692,7,-1.09134,0.7247,0.0,2.5
id:,3276,Ea:,95.35,Erxn:,69.70,BD,6,0.6412,8,-0.71456,0.3089,2.4,2.0,BD,6,0.6412,1,0.1553,0.5933,1.7,0.0,BD,7,-1.0703,1,0.39655,0.7035,2.8,0.0,BD,5,0.41733,1,-0.08194,0.4563,1.8,0.0,BD*,6,0.6412,8,-0.71456,0.6911,2.4,2.0,BD*,6,0.6412,1,0.1553,0.4067,1.7,0.0,BD*,7,-1.0703,1,0.39655,0.2965,2.8,0.0,BD*,5,0.41733,1,-0.08194,0.5437,1.8,0.0,BD,8,-0.96202,1,0.4884,0.7511,2.9,0.0,BD,1,0.00503,1,-0.01515,0.4946,0.0,0.0,LP,6,0.50857,0,0,0,0.3,0.0,BD*,8,-0.96202,1,0.4884,0.2489,2.9,0.0,BD*,1,0.00503,1,-0.01515,0.5054,0.0,0.0
id:,3724,Ea:,79.63,Erxn:,58.80,BD,6,0.64376,8,-0.72852,0.3067,2.5,2.0,BD,7,-1.06403,1,0.41752,0.7149,2.7,0.0,BD,5,0.41264,1,-0.10075,0.4461,1.8,0.0,BD*,6,0.64376,8,-0.72852,0.6933,2.5,2.0,BD*,7,-1.06403,1,0.41752,0.2851,2.7,0.0,BD*,5,0.41264,1,-0.10075,0.5539,1.8,0.0,BD,6,0.22579,1,0.12407,0.58,1.9,0.0,BD,8,-0.95715,1,0.4909,0.7529,2.9,0.0,BD*,6,0.22579,1,0.12407,0.42,1.9,0.0,BD*,8,-0.95715,1,0.4909,0.2471,2.9,0.0
id:,3163,Ea:,70.52,Erxn:,23.88,BD,7,-1.06516,1,0.42892,0.7208,2.6,0.0,BD*,7,-1.06516,1,0.42892,0.2792,2.6,0.0,BD,6,0.57106,7,-0.91731,0.3707,2.8,2.2,BD,8,-0.77037,1,0.48676,0.748,3.5,0.0,BD*,6,0.57106,7,-0.91731,0.6293,2.8,2.2,BD*,8,-0.77037,1,0.48676,0.252,3.5,0.0
id:,3280,Ea:,142.87,Erxn:,124.38,BD,6,0.65401,8,-0.60405,0.3128,0.0,0.0,BD,6,0.65401,8,-0.60405,0.3299,2.7,2.1,BD,7,-1.06684,1,0.42798,0.72,2.6,0.0,BD*,6,0.65401,8,-0.60405,0.6872,0.0,0.0,BD*,6,0.65401,8,-0.60405,0.6701,2.7,2.1,BD*,7,-1.06684,1,0.42798,0.28,2.6,0.0,BD,8,-0.64009,7,-0.53258,0.5473,4.1,3.6,BD,8,-0.64009,1,0.47261,0.7802,2.4,0.0,LP,6,0.08774,0,0,0,0.7,0.0,BD*,8,-0.64009,7,-0.53258,0.4527,4.1,3.6,BD*,8,-0.64009,1,0.47261,0.2198,2.4,0.0
id:,3731,Ea:,71.50,Erxn:,55.32,BD,6,0.65385,1,0.16093,0.5956,1.7,0.0,BD,7,-1.06716,1,0.42743,0.7198,2.6,0.0,BD*,6,0.65385,1,0.16093,0.4044,1.7,0.0,BD*,7,-1.06716,1,0.42743,0.2802,2.6,0.0,BD,8,-0.73755,1,0.52425,0.7651,3.6,0.0,BD,1,0.42053,7,-1.07363,0.2708,0.0,2.4,LP,6,0.46466,0,0,0,0.6,0.0,BD*,8,-0.73755,1,0.52425,0.2349,3.6,0.0,BD*,1,0.42053,7,-1.07363,0.7292,0.0,2.4
id:,2938,Ea:,69.60,Erxn:,26.28,BD,7,-1.07563,1,0.41262,0.7108,2.8,0.0,BD,5,0.41137,1,-0.08195,0.4563,1.8,0.0,BD*,7,-1.07563,1,0.41262,0.2892,2.8,0.0,BD*,5,0.41137,1,-0.08195,0.5437,1.8,0.0,BD,6,0.5719,7,-0.96623,0.3794,2.8,2.7,BD,8,-0.74505,5,0.81764,0.8015,1.7,2.6,BD,1,-0.01892,1,0.01509,0.5087,0.0,0.0,BD*,6,0.5719,7,-0.96623,0.6206,2.8,2.7,BD*,8,-0.74505,5,0.81764,0.1985,1.7,2.6,BD*,1,-0.01892,1,0.01509,0.4913,0.0,0.0
id:,2940,Ea:,130.01,Erxn:,101.57,BD,7,-1.05972,1,0.41195,0.7104,2.8,0.0,BD*,7,-1.05972,1,0.41195,0.2896,2.8,0.0,BD,6,0.56689,7,-0.33288,0.3569,3.8,3.2,BD,8,-0.39706,7,-0.33288,0.5462,0.0,0.0,BD,5,-0.20924,1,-0.03784,0.4774,2.5,0.0,BD*,6,0.56689,7,-0.33288,0.6431,3.8,3.2,BD*,8,-0.39706,7,-0.33288,0.4538,0.0,0.0,BD*,5,-0.20924,1,-0.03784,0.5226,2.5,0.0
id:,3055,Ea:,40.54,Erxn:,37.93,BD,6,0.64558,1,0.15699,0.5954,1.6,0.0,BD*,6,0.64558,1,0.15699,0.4046,1.6,0.0,BD,8,-0.69105,5,0.36656,0.8199,1.5,3.8,BD,1,0.43182,7,-1.03441,0.2375,0.0,3.1,LP,6,0.42854,0,0,0,0.7,0.0,BD*,8,-0.69105,5,0.36656,0.1801,1.5,3.8,BD*,1,0.43182,7,-1.03441,0.7625,0.0,3.1
id:,3018,Ea:,87.89,Erxn:,28.20,BD,6,0.63713,8,-0.70727,0.3105,2.4,2.0,BD,5,0.37755,1,-0.07343,0.4606,1.8,0.0,BD*,6,0.63713,8,-0.70727,0.6895,2.4,2.0,BD*,5,0.37755,1,-0.07343,0.5394,1.8,0.0,BD,6,0.12439,5,0.5015,0.6361,1.4,1.9,BD,8,-0.94753,1,0.48357,0.746,3.1,0.0,BD*,6,0.12439,5,0.5015,0.3639,1.4,1.9,BD*,8,-0.94753,1,0.48357,0.254,3.1,0.0
id:,3020,Ea:,142.08,Erxn:,87.30,BD,6,0.64351,8,-0.7122,0.3088,2.4,2.0,BD,7,-1.06835,5,0.40615,0.7624,1.0,2.3,BD,7,-1.06835,5,0.40615,0.8514,1.0,1.0,BD*,6,0.64351,8,-0.7122,0.6912,2.4,2.0,BD*,7,-1.06835,5,0.40615,0.2376,1.0,2.3,BD*,7,-1.06835,5,0.40615,0.1486,1.0,1.0,BD,6,0.20257,5,0.07804,0.6514,1.3,3.0,BD,8,-0.55844,7,-0.54126,0.6148,3.8,4.9,BD,8,-0.55844,5,0.07804,0.8476,1.7,5.2,LP,7,-0.54126,0,0,0,2.1,0.0,BD*,6,0.20257,5,0.07804,0.3486,1.3,3.0,BD*,8,-0.55844,7,-0.54126,0.3852,3.8,4.9,BD*,8,-0.55844,5,0.07804,0.1524,1.7,5.2
id:,3024,Ea:,65.04,Erxn:,10.28,BD,6,0.6437,8,-0.70393,0.309,2.4,2.0,BD,6,0.6437,1,0.15558,0.5934,1.7,0.0,BD,5,0.40612,1,-0.0843,0.4553,1.8,0.0,BD*,6,0.6437,8,-0.70393,0.691,2.4,2.0,BD*,6,0.6437,1,0.15558,0.4066,1.7,0.0,BD*,5,0.40612,1,-0.0843,0.5447,1.8,0.0,BD,8,-0.91727,5,0.81567,0.8889,2.2,3.6,BD,8,-0.91727,5,0.81567,0.8919,5.4,4.6,BD,1,0.01063,1,-0.01292,0.494,0.0,0.0,LP,6,0.51115,0,0,0,0.3,0.0,BD*,8,-0.91727,5,0.81567,0.1111,2.2,3.6,BD*,8,-0.91727,5,0.81567,0.1081,5.4,4.6,BD*,1,0.01063,1,-0.01292,0.506,0.0,0.0
id:,3472,Ea:,124.37,Erxn:,124.10,BD,6,0.64137,8,-0.71469,0.3115,2.4,2.0,BD,7,-1.07211,5,0.37896,0.7627,1.1,2.4,BD,7,-1.07211,5,0.37896,0.8497,0.0,0.0,BD*,6,0.64137,8,-0.71469,0.6885,2.4,2.0,BD*,7,-1.07211,5,0.37896,0.2373,1.1,2.4,BD*,7,-1.07211,5,0.37896,0.1503,0.0,0.0,BD,8,-0.86845,5,0.59085,0.8068,1.1,2.6,BD,8,-0.36859,7,-0.66296,0.6081,9.7,0.0,LP,6,0.17227,0,0,0,0.7,0.0,LP,7,-0.66296,0,0,0,1.3,0.0,LP*,5,0.59085,0,0,0,1.0,0.0,BD*,8,-0.86845,5,0.59085,0.1932,1.1,2.6,BD*,8,-0.36859,7,-0.66296,0.3919,9.7,0.0
id:,3114,Ea:,140.69,Erxn:,84.00,BD,6,0.64957,8,-0.71519,0.3086,2.4,2.0,BD,6,0.64957,1,0.1544,0.5922,1.7,0.0,BD*,6,0.64957,8,-0.71519,0.6914,2.4,2.0,BD*,6,0.64957,1,0.1544,0.4078,1.7,0.0,BD,8,-0.59725,7,-0.4567,0.5364,4.5,4.4,BD,1,-0.06096,5,-0.20231,0.5352,0.0,2.6,LP,6,0.49414,0,0,0,0.3,0.0,BD*,8,-0.59725,7,-0.4567,0.4636,4.5,4.4,BD*,1,-0.06096,5,-0.20231,0.4648,0.0,2.6
id:,3113,Ea:,29.32,Erxn:,-3.14,BD,8,-0.71186,1,0.50169,0.7588,3.6,0.0,BD,5,0.41697,1,-0.08385,0.4554,1.8,0.0,BD*,8,-0.71186,1,0.50169,0.2412,3.6,0.0,BD*,5,0.41697,1,-0.08385,0.5446,1.8,0.0,BD,8,-0.72977,5,0.82157,0.8108,1.3,2.5,BD,1,0.01358,1,-0.01396,0.493,0.0,0.0,BD*,8,-0.72977,5,0.82157,0.1892,1.3,2.5,BD*,1,0.01358,1,-0.01396,0.507,0.0,0.0
id:,3103,Ea:,115.43,Erxn:,7.07,BD,6,0.64303,8,-0.57948,0.3358,2.4,1.9,BD,6,0.64303,8,-0.57948,0.3165,0.0,0.0,BD,8,-0.71415,1,0.50197,0.759,3.6,0.0,BD,5,0.39856,1,-0.06438,0.4654,1.7,0.0,BD*,6,0.64303,8,-0.57948,0.6642,2.4,1.9,BD*,6,0.64303,8,-0.57948,0.6835,0.0,0.0,BD*,8,-0.71415,1,0.50197,0.241,3.6,0.0,BD*,5,0.39856,1,-0.06438,0.5346,1.7,0.0,BD,6,0.18088,5,0.49629,0.6536,1.3,2.7,BD,8,-0.95089,5,0.49629,0.791,1.2,3.0,BD,8,-0.95089,1,0.49392,0.748,4.2,0.0,BD,1,0.44388,7,-1.01903,0.2746,0.0,3.5,BD*,6,0.18088,5,0.49629,0.3464,1.3,2.7,BD*,8,-0.95089,5,0.49629,0.209,1.2,3.0,BD*,8,-0.95089,1,0.49392,0.252,4.2,0.0,BD*,1,0.44388,7,-1.01903,0.7254,0.0,3.5
id:,3703,Ea:,136.11,Erxn:,66.87,BD,7,-1.05859,1,0.41781,0.7151,2.7,0.0,BD*,7,-1.05859,1,0.41781,0.2849,2.7,0.0,BD,6,0.20178,1,0.18349,0.6022,2.5,0.0,BD,8,-0.43406,7,-0.54874,0.5593,4.0,3.7,BD*,6,0.20178,1,0.18349,0.3978,2.5,0.0,BD*,8,-0.43406,7,-0.54874,0.4407,4.0,3.7
id:,3174,Ea:,133.72,Erxn:,105.47,BD,6,0.64287,8,-0.70226,0.311,2.4,2.0,BD,7,-1.06671,1,0.40585,0.7085,2.8,0.0,BD,5,0.40257,1,-0.09064,0.4515,1.8,0.0,BD*,6,0.64287,8,-0.70226,0.689,2.4,2.0,BD*,7,-1.06671,1,0.40585,0.2915,2.8,0.0,BD*,5,0.40257,1,-0.09064,0.5485,1.8,0.0,BD,8,-0.98482,1,0.44555,0.7245,3.8,0.0,BD,8,-0.65514,1,0.52769,0.7871,2.9,0.0,LP,6,0.04755,0,0,0,0.7,0.0,BD*,8,-0.98482,1,0.44555,0.2755,3.8,0.0,BD*,8,-0.65514,1,0.52769,0.2129,2.9,0.0
id:,3258,Ea:,117.01,Erxn:,46.19,BD,6,0.64154,8,-0.57913,0.3351,2.6,2.1,BD,6,0.64154,8,-0.57913,0.3185,0.0,0.0,BD,8,-0.7145,1,0.50139,0.7587,3.6,0.0,BD,5,0.39984,1,-0.06999,0.4627,1.7,0.0,BD*,6,0.64154,8,-0.57913,0.6649,2.6,2.1,BD*,6,0.64154,8,-0.57913,0.6815,0.0,0.0,BD*,8,-0.7145,1,0.50139,0.2413,3.6,0.0,BD*,5,0.39984,1,-0.06999,0.5373,1.7,0.0,BD,8,-0.71204,5,0.83506,0.8217,1.5,3.3,BD,8,-0.96398,5,0.83506,0.7991,1.1,2.7,BD,8,-0.96398,1,0.50663,0.7543,4.2,0.0,BD,1,0.4439,7,-1.01148,0.2742,0.0,3.4,LP,6,0.04817,0,0,0,0.6,0.0,BD*,8,-0.71204,5,0.83506,0.1783,1.5,3.3,BD*,8,-0.96398,5,0.83506,0.2009,1.1,2.7,BD*,8,-0.96398,1,0.50663,0.2457,4.2,0.0,BD*,1,0.4439,7,-1.01148,0.7258,0.0,3.4
id:,3363,Ea:,101.52,Erxn:,92.46,BD,6,0.6508,1,0.16387,0.5971,1.7,0.0,BD,7,-1.06291,1,0.42831,0.7207,2.6,0.0,BD,5,0.39018,1,-0.08727,0.4538,1.8,0.0,BD*,6,0.6508,1,0.16387,0.4029,1.7,0.0,BD*,7,-1.06291,1,0.42831,0.2793,2.6,0.0,BD*,5,0.39018,1,-0.08727,0.5462,1.8,0.0,BD,8,-0.75549,1,0.53028,0.7835,2.8,0.0,BD,1,0.0196,1,-0.0379,0.4853,0.0,0.0,LP,6,0.45613,0,0,0,0.6,0.0,BD*,8,-0.75549,1,0.53028,0.2165,2.8,0.0,BD*,1,0.0196,1,-0.0379,0.5147,0.0,0.0
id:,3744,Ea:,59.28,Erxn:,49.37,BD,8,-0.70482,1,0.5049,0.7627,3.3,0.0,BD,7,-1.06409,1,0.41718,0.7149,2.7,0.0,BD,5,0.40791,1,-0.10873,0.4414,1.8,0.0,BD*,8,-0.70482,1,0.5049,0.2373,3.3,0.0,BD*,7,-1.06409,1,0.41718,0.2851,2.7,0.0,BD*,5,0.40791,1,-0.10873,0.5586,1.8,0.0,BD,8,-0.72271,1,0.51292,0.7718,3.1,0.0,BD,1,0.02149,1,-0.03059,0.4867,0.0,0.0,BD*,8,-0.72271,1,0.51292,0.2282,3.1,0.0,BD*,1,0.02149,1,-0.03059,0.5133,0.0,0.0
id:,3300,Ea:,106.10,Erxn:,72.88,BD,8,-0.71261,1,0.50194,0.7588,3.6,0.0,BD,7,-1.05959,1,0.41452,0.7116,2.8,0.0,BD,5,0.4091,1,-0.0894,0.4527,1.8,0.0,BD*,8,-0.71261,1,0.50194,0.2412,3.6,0.0,BD*,7,-1.05959,1,0.41452,0.2884,2.8,0.0,BD*,5,0.4091,1,-0.0894,0.5473,1.8,0.0,BD,8,-0.39786,7,-0.54971,0.5831,3.8,4.1,BD,1,0.01538,1,-0.01771,0.4916,0.0,0.0,BD,5,0.39312,1,-0.05636,0.4641,1.8,0.0,BD*,8,-0.39786,7,-0.54971,0.4169,3.8,4.1,BD*,1,0.01538,1,-0.01771,0.5084,0.0,0.0,BD*,5,0.39312,1,-0.05636,0.5359,1.8,0.0
id:,3340,Ea:,87.24,Erxn:,17.37,BD,6,0.64638,1,0.15865,0.5945,1.7,0.0,BD,8,-0.71089,1,0.50037,0.7582,3.6,0.0,BD*,6,0.64638,1,0.15865,0.4055,1.7,0.0,BD*,8,-0.71089,1,0.50037,0.2418,3.6,0.0,BD,1,0.00131,1,0.0014,0.5,0.0,0.0,BD*,1,0.00131,1,0.0014,0.5,0.0,0.0
id:,3346,Ea:,122.56,Erxn:,121.60,BD,6,0.64371,8,-0.70868,0.3095,2.5,2.0,BD,6,0.64371,1,0.1519,0.5922,1.6,0.0,BD,5,0.39877,1,-0.07349,0.4608,1.8,0.0,BD*,6,0.64371,8,-0.70868,0.6905,2.5,2.0,BD*,6,0.64371,1,0.1519,0.4078,1.6,0.0,BD*,5,0.39877,1,-0.07349,0.5392,1.8,0.0,BD,8,-1.0139,1,0.40844,0.7861,2.3,0.0,BD,1,0.45313,7,-1.09849,0.2543,0.0,3.2,LP,6,0.47101,0,0,0,0.3,0.0,LP,5,0.09521,0,0,0,2.4,0.0,LP*,5,0.09521,0,0,0,0.0,0.0,BD*,8,-1.0139,1,0.40844,0.2139,2.3,0.0,BD*,1,0.45313,7,-1.09849,0.7457,0.0,3.2
id:,3462,Ea:,121.10,Erxn:,100.77,BD,7,-1.05684,5,0.38744,0.7608,1.1,2.3,BD,7,-1.05684,5,0.38744,0.8442,0.0,0.0,BD*,7,-1.05684,5,0.38744,0.2392,1.1,2.3,BD*,7,-1.05684,5,0.38744,0.1558,0.0,0.0,BD,6,0.12597,5,0.20017,0.6815,1.5,2.9,BD,8,-0.71303,5,0.20017,0.8704,4.0,0.0,BD,8,-0.43758,7,-0.56909,0.5954,4.9,5.4,LP,7,-0.56909,0,0,0,1.8,0.0,BD*,6,0.12597,5,0.20017,0.3185,1.5,2.9,BD*,8,-0.71303,5,0.20017,0.1296,4.0,0.0,BD*,8,-0.43758,7,-0.56909,0.4046,4.9,5.4
id:,3479,Ea:,25.49,Erxn:,24.64,BD,8,-0.7121,1,0.50021,0.7581,3.6,0.0,BD,7,-1.07595,5,0.4177,0.7638,1.0,2.3,BD,7,-1.07595,5,0.4177,0.859,1.0,0.0,BD*,8,-0.7121,1,0.50021,0.2419,3.6,0.0,BD*,7,-1.07595,5,0.4177,0.2362,1.0,2.3,BD*,7,-1.07595,5,0.4177,0.141,1.0,0.0,BD,8,-0.7123,5,0.61332,0.8152,1.3,2.7,BD,8,-0.7123,5,0.61332,0.9016,0.0,0.0,BD,1,0.38289,7,-1.13053,0.3076,0.0,2.9,LP,7,-1.13053,0,0,0,3.0,0.0,BD*,8,-0.7123,5,0.61332,0.1848,1.3,2.7,BD*,8,-0.7123,5,0.61332,0.0984,0.0,0.0,BD*,1,0.38289,7,-1.13053,0.6924,0.0,2.9
id:,3483,Ea:,139.56,Erxn:,134.89,BD,6,0.64636,8,-0.58024,0.3264,4.4,3.6,BD,6,0.64636,8,-0.58024,0.3241,5.1,4.2,BD*,6,0.64636,8,-0.58024,0.6736,4.4,3.6,BD*,6,0.64636,8,-0.58024,0.6759,5.1,4.2,BD,8,-0.52796,7,-0.54864,0.4922,0.0,7.7,BD,8,-0.52796,5,0.42627,0.8045,1.9,3.9,LP,6,0.06215,0,0,0,0.6,0.0,BD*,8,-0.52796,7,-0.54864,0.5078,0.0,7.7,BD*,8,-0.52796,5,0.42627,0.1955,1.9,3.9
id:,3547,Ea:,69.56,Erxn:,69.25,BD,6,0.642,1,0.15518,0.5934,1.7,0.0,BD,7,-1.06645,5,0.40065,0.7634,1.1,2.4,BD,7,-1.06645,5,0.40065,0.8504,0.0,0.0,BD*,6,0.642,1,0.15518,0.4066,1.7,0.0,BD*,7,-1.06645,5,0.40065,0.2366,1.1,2.4,BD*,7,-1.06645,5,0.40065,0.1496,0.0,0.0,BD,8,-0.77312,5,0.63526,0.8198,1.3,2.7,BD,8,-0.77312,5,0.63526,0.914,1.0,1.0,BD,1,0.37747,7,-1.12817,0.3106,0.0,3.0,LP,6,0.52979,0,0,0,0.5,0.0,LP,7,-1.12817,0,0,0,2.8,0.0,BD*,8,-0.77312,5,0.63526,0.1802,1.3,2.7,BD*,8,-0.77312,5,0.63526,0.086,1.0,1.0,BD*,1,0.37747,7,-1.12817,0.6894,0.0,3.0
id:,3521,Ea:,129.43,Erxn:,114.32,BD,6,0.6441,1,0.15509,0.5932,1.6,0.0,BD,5,0.40674,1,-0.08939,0.4516,1.8,0.0,BD*,6,0.6441,1,0.15509,0.4068,1.6,0.0,BD*,5,0.40674,1,-0.08939,0.5484,1.8,0.0,BD,6,0.62345,1,0.18923,0.6235,1.4,0.0,BD,1,0.45695,7,-1.09828,0.2597,0.0,2.9,LP,5,0.03079,0,0,0,0.4,0.0,LP*,5,0.03079,0,0,0,0.0,0.0,BD*,6,0.62345,1,0.18923,0.3765,1.4,0.0,BD*,1,0.45695,7,-1.09828,0.7403,0.0,2.9
id:,3535,Ea:,97.89,Erxn:,56.50,BD,6,0.64061,8,-0.71452,0.311,2.4,2.0,BD,5,0.42812,1,-0.12128,0.4357,1.8,0.0,BD*,6,0.64061,8,-0.71452,0.689,2.4,2.0,BD*,5,0.42812,1,-0.12128,0.5643,1.8,0.0,BD,8,-0.94261,1,0.47166,0.7376,3.6,0.0,BD,8,-0.67613,5,0.82992,0.8125,1.6,2.5,LP,6,0.01283,0,0,0,0.7,0.0,BD*,8,-0.94261,1,0.47166,0.2624,3.6,0.0,BD*,8,-0.67613,5,0.82992,0.1875,1.6,2.5
id:,3551,Ea:,35.29,Erxn:,21.92,BD,7,-1.07205,5,0.41195,0.7638,1.0,2.4,BD,7,-1.07205,5,0.41195,0.8551,0.0,1.0,BD*,7,-1.07205,5,0.41195,0.2362,1.0,2.4,BD*,7,-1.07205,5,0.41195,0.1449,0.0,1.0,BD,6,0.56217,7,-0.92171,0.3981,2.6,2.1,BD,8,-0.74357,5,0.60418,0.8146,1.2,2.6,BD,8,-0.74357,5,0.60418,0.8942,0.0,0.0,LP,7,-0.92171,0,0,0,4.0,0.0,BD*,6,0.56217,7,-0.92171,0.6019,2.6,2.1,BD*,8,-0.74357,5,0.60418,0.1854,1.2,2.6,BD*,8,-0.74357,5,0.60418,0.1058,0.0,0.0
id:,4084,Ea:,61.08,Erxn:,20.79,BD,6,0.63967,8,-0.72551,0.3072,2.5,2.0,BD,6,0.63967,1,0.16651,0.5985,1.6,0.0,BD*,6,0.63967,8,-0.72551,0.6928,2.5,2.0,BD*,6,0.63967,1,0.16651,0.4015,1.6,0.0,BD,8,-0.7609,6,1.04275,0.689,2.1,2.3,BD,1,0.50619,8,-0.71933,0.2305,0.0,2.9,LP,6,0.49464,0,0,0,0.3,0.0,BD*,8,-0.7609,6,1.04275,0.311,2.1,2.3,BD*,1,0.50619,8,-0.71933,0.7695,0.0,2.9
id:,3815,Ea:,22.37,Erxn:,16.14,BD,8,-0.70788,1,0.50232,0.759,3.6,0.0,BD*,8,-0.70788,1,0.50232,0.241,3.6,0.0,BD,8,-0.57796,6,1.04618,0.7116,2.5,2.6,BD,1,0.52425,8,-0.70762,0.2094,0.0,2.6,BD*,8,-0.57796,6,1.04618,0.2884,2.5,2.6,BD*,1,0.52425,8,-0.70762,0.7906,0.0,2.6
id:,4476,Ea:,112.24,Erxn:,96.35,BD,8,-0.71463,1,0.50314,0.7595,3.6,0.0,BD,6,1.01592,8,-0.5045,0.3448,1.1,1.8,BD,6,1.01592,8,-0.5045,0.2408,0.0,0.0,BD,6,1.01592,8,-0.5045,0.2421,0.0,0.0,BD*,8,-0.71463,1,0.50314,0.2405,3.6,0.0,BD*,6,1.01592,8,-0.5045,0.6552,1.1,1.8,BD*,6,1.01592,8,-0.5045,0.7592,0.0,0.0,BD*,6,1.01592,8,-0.5045,0.7579,0.0,0.0,BD,8,-0.26035,8,-0.44391,0.539,6.6,8.8,BD,1,0.49677,8,-0.44391,0.2346,0.0,3.1,LP,6,0.4985,0,0,0,0.3,0.0,BD*,8,-0.26035,8,-0.44391,0.461,6.6,8.8,BD*,1,0.49677,8,-0.44391,0.7654,0.0,3.1
id:,4047,Ea:,75.35,Erxn:,22.63,BD,6,0.64272,8,-0.70634,0.3096,2.4,2.0,BD,6,0.64272,1,0.15648,0.5937,1.7,0.0,BD*,6,0.64272,8,-0.70634,0.6904,2.4,2.0,BD*,6,0.64272,1,0.15648,0.4063,1.7,0.0,BD,8,-0.95924,1,0.47931,0.7413,3.4,0.0,LP,6,0.50172,0,0,0,0.3,0.0,BD*,8,-0.95924,1,0.47931,0.2587,3.4,0.0
id:,4518,Ea:,81.28,Erxn:,47.02,BD,6,0.6453,1,0.15414,0.593,1.7,0.0,BD*,6,0.6453,1,0.15414,0.407,1.7,0.0,BD,8,-0.77248,1,0.52292,0.7647,3.5,0.0,LP,6,0.46803,0,0,0,0.6,0.0,BD*,8,-0.77248,1,0.52292,0.2353,3.5,0.0
id:,3949,Ea:,88.60,Erxn:,19.25,BD,6,0.63448,1,0.1649,0.598,1.6,0.0,BD*,6,0.63448,1,0.1649,0.402,1.6,0.0,BD,6,0.71238,6,0.71658,0.5095,1.7,1.8,BD,1,0.51849,8,-0.69273,0.2346,0.0,3.2,BD*,6,0.71238,6,0.71658,0.4905,1.7,1.8,BD*,1,0.51849,8,-0.69273,0.7654,0.0,3.2
id:,4014,Ea:,47.49,Erxn:,30.13,BD,6,0.67567,8,-0.58614,0.3129,3.7,3.2,BD,8,-0.5877,6,1.02722,0.687,2.8,2.2,BD*,6,0.67567,8,-0.58614,0.6871,3.7,3.2,BD*,8,-0.5877,6,1.02722,0.313,2.8,2.2
id:,4063,Ea:,145.17,Erxn:,103.86,BD,6,0.63909,8,-0.70872,0.3102,2.4,2.0,BD*,6,0.63909,8,-0.70872,0.6898,2.4,2.0,BD,6,0.30434,6,0.73165,0.491,2.0,1.6,BD,8,-0.45395,8,-0.26521,0.4863,8.2,8.0,BD*,6,0.30434,6,0.73165,0.509,2.0,1.6,BD*,8,-0.45395,8,-0.26521,0.5137,8.2,8.0
id:,4448,Ea:,128.86,Erxn:,86.71,BD,8,-0.71377,1,0.49848,0.7575,3.6,0.0,BD*,8,-0.71377,1,0.49848,0.2425,3.6,0.0,BD,8,-0.28378,8,-0.25684,0.5109,7.4,8.1,BD,1,0.15511,6,0.63553,0.4032,0.0,1.5,BD*,8,-0.28378,8,-0.25684,0.4891,7.4,8.1,BD*,1,0.15511,6,0.63553,0.5968,0.0,1.5
id:,3882,Ea:,128.89,Erxn:,114.04,BD,6,1.01325,8,-0.49798,0.2855,4.3,6.1,BD,6,1.01325,8,-0.49798,0.2611,0.0,0.0,BD,6,1.01325,8,-0.49798,0.2926,3.4,5.3,BD*,6,1.01325,8,-0.49798,0.7145,4.3,6.1,BD*,6,1.01325,8,-0.49798,0.7389,0.0,0.0,BD*,6,1.01325,8,-0.49798,0.7074,3.4,5.3,BD,6,0.65079,8,-0.32114,0.322,4.0,3.2,BD,8,-0.31028,8,-0.32114,0.4978,0.0,0.0,LP,6,0.49803,0,0,0,0.3,0.0,BD*,6,0.65079,8,-0.32114,0.678,4.0,3.2,BD*,8,-0.31028,8,-0.32114,0.5022,0.0,0.0
id:,4089,Ea:,139.87,Erxn:,113.75,BD,6,0.64051,8,-0.71132,0.3092,2.5,2.0,BD,6,0.64051,1,0.16,0.5956,1.6,0.0,BD,6,1.02442,8,-0.51992,0.3409,1.0,1.9,BD*,6,0.64051,8,-0.71132,0.6908,2.5,2.0,BD*,6,0.64051,1,0.16,0.4044,1.6,0.0,BD*,6,1.02442,8,-0.51992,0.6591,1.0,1.9,BD,8,-0.48479,8,-0.49469,0.5047,7.7,8.2,BD,1,0.48318,8,-0.49469,0.2453,0.0,3.0,LP,6,0.49485,0,0,0,0.3,0.0,LP,6,0.49891,0,0,0,0.3,0.0,BD*,8,-0.48479,8,-0.49469,0.4953,7.7,8.2,BD*,1,0.48318,8,-0.49469,0.7547,0.0,3.0
id:,4135,Ea:,58.82,Erxn:,57.05,BD,6,0.64059,1,0.16631,0.5983,1.6,0.0,BD*,6,0.64059,1,0.16631,0.4017,1.6,0.0,BD,8,-0.60417,6,1.0544,0.7802,2.7,1.8,BD,1,0.50784,8,-0.70616,0.2122,0.0,2.9,LP,6,0.46826,0,0,0,0.7,0.0,BD*,8,-0.60417,6,1.0544,0.2198,2.7,1.8,BD*,1,0.50784,8,-0.70616,0.7878,0.0,2.9
id:,4243,Ea:,136.38,Erxn:,130.70,BD,6,0.6413,1,0.15069,0.5917,1.7,0.0,BD*,6,0.6413,1,0.15069,0.4083,1.7,0.0,BD,8,-0.31096,8,-0.24912,0.5179,7.4,8.1,BD,1,0.16031,6,0.63082,0.4008,0.0,1.5,LP,6,0.48717,0,0,0,0.6,0.0,BD*,8,-0.31096,8,-0.24912,0.4821,7.4,8.1,BD*,1,0.16031,6,0.63082,0.5992,0.0,1.5
id:,4257,Ea:,155.90,Erxn:,141.61,BD,6,0.64139,1,0.15545,0.5937,1.7,0.0,BD,6,1.01638,8,-0.50355,0.3267,1.6,2.5,BD,6,1.01638,8,-0.50355,0.2542,0.0,0.0,BD,6,1.01638,8,-0.50355,0.2516,0.0,0.0,BD*,6,0.64139,1,0.15545,0.4063,1.7,0.0,BD*,6,1.01638,8,-0.50355,0.6733,1.6,2.5,BD*,6,1.01638,8,-0.50355,0.7458,0.0,0.0,BD*,6,1.01638,8,-0.50355,0.7484,0.0,0.0,BD,8,-0.30464,8,-0.43424,0.5396,6.9,8.5,BD,1,0.48808,8,-0.43424,0.2448,0.0,3.3,LP,6,0.4614,0,0,0,0.6,0.0,LP,6,0.49618,0,0,0,0.3,0.0,BD*,8,-0.30464,8,-0.43424,0.4604,6.9,8.5,BD*,1,0.48808,8,-0.43424,0.7552,0.0,3.3
id:,4598,Ea:,151.77,Erxn:,106.41,BD,8,-0.71075,1,0.49324,0.7551,3.5,0.0,BD*,8,-0.71075,1,0.49324,0.2449,3.5,0.0,BD,8,-0.56852,6,0.64121,0.6897,2.3,3.0,BD,1,0.22016,6,0.64121,0.3757,0.0,1.8,BD,8,-0.2768,8,-0.2787,0.5006,0.0,0.0,BD*,8,-0.56852,6,0.64121,0.3103,2.3,3.0,BD*,1,0.22016,6,0.64121,0.6243,0.0,1.8,BD*,8,-0.2768,8,-0.2787,0.4994,0.0,0.0
id:,5422,Ea:,61.67,Erxn:,41.55,BD,6,0.6733,8,-0.6337,0.3173,3.5,3.1,BD,8,-0.63385,6,0.67341,0.6826,3.1,3.5,BD*,6,0.6733,8,-0.6337,0.6827,3.5,3.1,BD*,8,-0.63385,6,0.67341,0.3174,3.1,3.5
id:,5518,Ea:,30.27,Erxn:,21.85,BD,8,-0.71089,1,0.51417,0.7665,3.4,0.0,BD*,8,-0.71089,1,0.51417,0.2335,3.4,0.0,BD,6,0.67667,8,-0.58038,0.2905,4.0,2.8,BD,8,-0.77344,1,0.51668,0.7688,3.4,0.0,BD*,6,0.67667,8,-0.58038,0.7095,4.0,2.8,BD*,8,-0.77344,1,0.51668,0.2312,3.4,0.0
id:,5049,Ea:,75.18,Erxn:,37.52,BD,6,0.64354,8,-0.72108,0.3076,2.4,2.0,BD,6,0.64354,1,0.15976,0.5954,1.7,0.0,BD*,6,0.64354,8,-0.72108,0.6924,2.4,2.0,BD*,6,0.64354,1,0.15976,0.4046,1.7,0.0,BD,6,0.68812,8,-0.8053,0.3153,3.3,2.3,BD,8,-0.78881,1,0.49796,0.7625,3.1,0.0,LP,6,0.49788,0,0,0,0.3,0.0,BD*,6,0.68812,8,-0.8053,0.6847,3.3,2.3,BD*,8,-0.78881,1,0.49796,0.2375,3.1,0.0
id:,5807,Ea:,162.67,Erxn:,115.81,BD,6,0.6413,8,-0.7121,0.3096,2.4,1.9,BD,6,0.63894,8,-0.71461,0.3097,2.4,2.0,BD*,6,0.6413,8,-0.7121,0.6904,2.4,1.9,BD*,6,0.63894,8,-0.71461,0.6903,2.4,2.0,BD,6,0.3178,6,0.32152,0.5004,1.9,1.9,BD,8,-0.48371,8,-0.483,0.5014,8.4,8.4,BD*,6,0.3178,6,0.32152,0.4996,1.9,1.9,BD*,8,-0.48371,8,-0.483,0.4986,8.4,8.4
id:,5509,Ea:,45.44,Erxn:,31.51,BD,8,-0.71041,1,0.48209,0.7525,3.6,0.0,BD,6,0.642,8,-0.71099,0.3079,2.4,2.0,BD*,8,-0.71041,1,0.48209,0.2475,3.6,0.0,BD*,6,0.642,8,-0.71099,0.6921,2.4,2.0,BD,8,-0.59005,6,0.65206,0.707,2.2,2.7,BD,1,0.48361,8,-0.9591,0.256,0.0,3.4,BD*,8,-0.59005,6,0.65206,0.293,2.2,2.7,BD*,1,0.48361,8,-0.9591,0.744,0.0,3.4
id:,4695,Ea:,92.27,Erxn:,49.24,BD,6,0.63514,8,-0.71647,0.3081,2.5,2.0,BD,6,0.63514,1,0.16668,0.5997,1.6,0.0,BD,6,0.64379,8,-0.72639,0.3071,2.4,2.0,BD,6,0.64379,1,0.1573,0.5943,1.7,0.0,BD*,6,0.63514,8,-0.71647,0.6919,2.5,2.0,BD*,6,0.63514,1,0.16668,0.4003,1.6,0.0,BD*,6,0.64379,8,-0.72639,0.6929,2.4,2.0,BD*,6,0.64379,1,0.1573,0.4057,1.7,0.0,BD,8,-0.96602,1,0.48677,0.7548,2.8,0.0,BD,1,0.48503,8,-0.97668,0.2451,0.0,2.8,LP,6,0.49344,0,0,0,0.3,0.0,LP,6,0.49666,0,0,0,0.3,0.0,BD*,8,-0.96602,1,0.48677,0.2452,2.8,0.0,BD*,1,0.48503,8,-0.97668,0.7549,0.0,2.8
id:,5780,Ea:,94.95,Erxn:,33.78,BD,6,0.64917,1,0.14574,0.5891,1.7,0.0,BD,6,0.6267,8,-0.71208,0.3102,2.4,2.0,BD*,6,0.64917,1,0.14574,0.4109,1.7,0.0,BD*,6,0.6267,8,-0.71208,0.6898,2.4,2.0,BD,6,0.73351,6,0.31255,0.5103,1.7,2.0,BD,1,0.49088,8,-0.94968,0.25,0.0,3.2,BD*,6,0.73351,6,0.31255,0.4897,1.7,2.0,BD*,1,0.49088,8,-0.94968,0.75,0.0,3.2
id:,5985,Ea:,82.12,Erxn:,73.88,BD,6,0.65247,1,0.15853,0.5945,1.7,0.0,BD,6,0.64534,8,-0.71618,0.3077,2.5,2.0,BD*,6,0.65247,1,0.15853,0.4055,1.7,0.0,BD*,6,0.64534,8,-0.71618,0.6923,2.5,2.0,BD,8,-0.6195,6,0.65948,0.7082,2.3,2.6,BD,1,0.47846,8,-0.98158,0.2437,0.0,2.7,LP,6,0.51321,0,0,0,0.6,0.0,BD*,8,-0.6195,6,0.65948,0.2918,2.3,2.6,BD*,1,0.47846,8,-0.98158,0.7563,0.0,2.7
id:,5809,Ea:,69.08,Erxn:,26.39,BD,6,0.64345,1,0.15118,0.5918,1.7,0.0,BD,8,-0.70919,1,0.4995,0.7577,3.7,0.0,BD,6,0.6383,8,-0.71223,0.3101,2.4,2.0,BD*,6,0.64345,1,0.15118,0.4082,1.7,0.0,BD*,8,-0.70919,1,0.4995,0.2423,3.7,0.0,BD*,6,0.6383,8,-0.71223,0.6899,2.4,2.0,BD,1,0.1321,6,0.22295,0.416,0.0,1.9,BD,1,0.49241,8,-0.95349,0.2496,0.0,3.0,BD*,1,0.1321,6,0.22295,0.584,0.0,1.9,BD*,1,0.49241,8,-0.95349,0.7504,0.0,3.0
id:,5102,Ea:,128.56,Erxn:,103.48,BD,6,0.64053,8,-0.70079,0.3108,2.4,2.0,BD,8,-0.70079,1,0.49825,0.7572,3.7,0.0,BD,8,-0.71318,1,0.50034,0.7582,3.6,0.0,BD*,6,0.64053,8,-0.70079,0.6892,2.4,2.0,BD*,8,-0.70079,1,0.49825,0.2428,3.7,0.0,BD*,8,-0.71318,1,0.50034,0.2418,3.6,0.0,BD,6,0.22368,1,0.13279,0.5838,1.9,0.0,BD,8,-0.45033,8,-0.25756,0.4643,8.6,6.7,BD,8,-0.45033,1,0.49388,0.7643,3.1,0.0,BD*,6,0.22368,1,0.13279,0.4162,1.9,0.0,BD*,8,-0.45033,8,-0.25756,0.5357,8.6,6.7,BD*,8,-0.45033,1,0.49388,0.2357,3.1,0.0
id:,5866,Ea:,137.33,Erxn:,105.58,BD,6,0.6411,8,-0.70184,0.3109,2.4,2.0,BD*,6,0.6411,8,-0.70184,0.6891,2.4,2.0,BD,6,0.36806,6,0.30307,0.4906,1.9,2.6,BD,8,-0.47946,8,-0.31269,0.5075,7.9,8.9,BD*,6,0.36806,6,0.30307,0.5094,1.9,2.6,BD*,8,-0.47946,8,-0.31269,0.4925,7.9,8.9
id:,5022,Ea:,39.93,Erxn:,39.93,BD,8,-0.7073,1,0.50428,0.7599,3.6,0.0,BD*,8,-0.7073,1,0.50428,0.2401,3.6,0.0,BD,8,-0.72787,1,0.53775,0.8063,2.8,0.0,BD*,8,-0.72787,1,0.53775,0.1937,2.8,0.0
id:,5294,Ea:,47.67,Erxn:,27.21,BD,6,0.6443,8,-0.73964,0.3048,2.5,2.0,BD,6,0.6443,1,0.16553,0.5986,1.6,0.0,BD,8,-0.71236,1,0.51307,0.767,3.4,0.0,BD*,6,0.6443,8,-0.73964,0.6952,2.5,2.0,BD*,6,0.6443,1,0.16553,0.4014,1.6,0.0,BD*,8,-0.71236,1,0.51307,0.233,3.4,0.0,BD,8,-0.9893,1,0.49611,0.7617,2.7,0.0,BD,1,0.49801,8,-0.71292,0.2227,0.0,2.8,LP,6,0.50008,0,0,0,0.3,0.0,BD*,8,-0.9893,1,0.49611,0.2383,2.7,0.0,BD*,1,0.49801,8,-0.71292,0.7773,0.0,2.8
id:,5868,Ea:,53.57,Erxn:,14.10,BD,6,0.64134,1,0.15754,0.5948,1.7,0.0,BD,8,-0.70633,1,0.49747,0.7567,3.6,0.0,BD*,6,0.64134,1,0.15754,0.4052,1.7,0.0,BD*,8,-0.70633,1,0.49747,0.2433,3.6,0.0,BD,1,0.18517,6,0.20471,0.4002,0.0,2.6,BD,1,0.4924,8,-0.77839,0.2472,0.0,3.4,BD*,1,0.18517,6,0.20471,0.5998,0.0,2.6,BD*,1,0.4924,8,-0.77839,0.7528,0.0,3.4
id:,4779,Ea:,154.15,Erxn:,123.03,BD,6,0.6395,8,-0.71977,0.3088,2.4,2.0,BD,8,-0.7194,1,0.5031,0.76,3.6,0.0,BD*,6,0.6395,8,-0.71977,0.6912,2.4,2.0,BD*,8,-0.7194,1,0.5031,0.24,3.6,0.0,BD,6,0.33931,6,0.29769,0.477,2.0,2.0,BD,8,-0.95165,1,0.49379,0.7542,3.0,0.0,BD,8,-0.29457,8,-0.27048,0.5085,0.0,0.0,BD*,6,0.33931,6,0.29769,0.523,2.0,2.0,BD*,8,-0.95165,1,0.49379,0.2458,3.0,0.0,BD*,8,-0.29457,8,-0.27048,0.4915,0.0,0.0
id:,6292,Ea:,94.05,Erxn:,28.00,BD,6,0.63941,8,-0.71411,0.3097,2.4,2.0,BD,6,0.64231,1,0.15356,0.5929,1.7,0.0,BD*,6,0.63941,8,-0.71411,0.6903,2.4,2.0,BD*,6,0.64231,1,0.15356,0.4071,1.7,0.0,BD,6,0.22764,1,0.13548,0.5851,1.9,0.0,BD,8,-0.72078,6,1.03913,0.683,2.0,2.2,BD*,6,0.22764,1,0.13548,0.4149,1.9,0.0,BD*,8,-0.72078,6,1.03913,0.317,2.0,2.2
id:,5949,Ea:,91.93,Erxn:,20.57,BD,6,0.64688,1,0.16,0.596,1.6,0.0,BD*,6,0.64688,1,0.16,0.404,1.6,0.0,BD,6,0.20588,1,0.19302,0.6066,2.5,0.0,BD,8,-0.57769,6,1.04605,0.6859,2.1,2.1,BD*,6,0.20588,1,0.19302,0.3934,2.5,0.0,BD*,8,-0.57769,6,1.04605,0.3141,2.1,2.1
id:,4797,Ea:,160.10,Erxn:,149.31,BD,6,0.63965,8,-0.7159,0.3094,2.4,2.0,BD,6,0.64184,1,0.15494,0.5935,1.7,0.0,BD*,6,0.63965,8,-0.7159,0.6906,2.4,2.0,BD*,6,0.64184,1,0.15494,0.4065,1.7,0.0,BD,6,0.22055,1,0.1344,0.5853,1.9,0.0,BD,8,-0.66807,6,0.71613,0.7692,0.0,0.3,BD*,6,0.22055,1,0.1344,0.4147,1.9,0.0,BD*,8,-0.66807,6,0.71613,0.2308,0.0,0.3
id:,4835,Ea:,82.51,Erxn:,68.92,BD,6,0.64769,1,0.16571,0.5979,1.7,0.0,BD,6,0.63335,8,-0.72736,0.306,2.5,2.0,BD,6,0.63335,1,0.17601,0.6047,1.6,0.0,BD*,6,0.64769,1,0.16571,0.4021,1.7,0.0,BD*,6,0.63335,8,-0.72736,0.694,2.5,2.0,BD*,6,0.63335,1,0.17601,0.3953,1.6,0.0,BD,8,-0.74327,1,0.51436,0.7844,2.8,0.0,BD,1,0.47822,8,-1.00581,0.2294,0.0,2.4,LP,6,0.46367,0,0,0,0.6,0.0,LP,6,0.50042,0,0,0,0.3,0.0,BD*,8,-0.74327,1,0.51436,0.2156,2.8,0.0,BD*,1,0.47822,8,-1.00581,0.7706,0.0,2.4
id:,4842,Ea:,66.43,Erxn:,64.83,BD,6,0.63559,1,0.175,0.6028,1.6,0.0,BD*,6,0.63559,1,0.175,0.3972,1.6,0.0,BD,6,0.69718,8,-0.5991,0.2788,4.4,3.1,BD,8,-0.79099,1,0.48928,0.7888,3.1,0.0,LP,6,0.44687,0,0,0,0.7,0.0,BD*,6,0.69718,8,-0.5991,0.7212,4.4,3.1,BD*,8,-0.79099,1,0.48928,0.2112,3.1,0.0
id:,6240,Ea:,118.90,Erxn:,88.88,BD,8,-0.7201,1,0.50244,0.7596,3.5,0.0,BD*,8,-0.7201,1,0.50244,0.2404,3.5,0.0,BD,6,0.18223,1,0.1955,0.608,2.4,0.0,BD,8,-0.28068,8,-0.30893,0.4641,9.7,6.9,BD*,6,0.18223,1,0.1955,0.392,2.4,0.0,BD*,8,-0.28068,8,-0.30893,0.5359,9.7,6.9
id:,5030,Ea:,145.64,Erxn:,111.03,BD,8,-0.71615,1,0.50891,0.7625,3.5,0.0,BD*,8,-0.71615,1,0.50891,0.2375,3.5,0.0,BD,6,0.33192,6,0.3524,0.5144,2.0,2.6,BD,8,-0.30204,8,-0.2904,0.5047,0.0,0.0,BD,1,0.50053,8,-0.76536,0.2421,0.0,3.4,BD*,6,0.33192,6,0.3524,0.4856,2.0,2.6,BD*,8,-0.30204,8,-0.2904,0.4953,0.0,0.0,BD*,1,0.50053,8,-0.76536,0.7579,0.0,3.4
id:,6122,Ea:,82.63,Erxn:,35.88,BD,6,0.64722,1,0.13031,0.5821,1.7,0.0,BD,8,-0.71116,1,0.49227,0.7558,3.5,0.0,BD*,6,0.64722,1,0.13031,0.4179,1.7,0.0,BD*,8,-0.71116,1,0.49227,0.2442,3.5,0.0,BD,6,1.04998,8,-0.58547,0.3077,2.3,2.4,BD,1,0.01222,1,-0.01542,0.493,0.0,0.0,BD*,6,1.04998,8,-0.58547,0.6923,2.3,2.4,BD*,1,0.01222,1,-0.01542,0.507,0.0,0.0
id:,5784,Ea:,92.01,Erxn:,26.94,BD,6,0.63719,1,0.15875,0.5953,1.6,0.0,BD*,6,0.63719,1,0.15875,0.4047,1.6,0.0,BD,6,0.76205,6,0.32342,0.5031,1.6,2.6,BD,1,0.49059,8,-0.76137,0.2529,0.0,3.9,BD*,6,0.76205,6,0.32342,0.4969,1.6,2.6,BD*,1,0.49059,8,-0.76137,0.7471,0.0,3.9
id:,5180,Ea:,133.39,Erxn:,133.00,BD,6,0.63846,1,0.14935,0.5911,1.7,0.0,BD*,6,0.63846,1,0.14935,0.4089,1.7,0.0,BD,6,0.17733,1,0.18971,0.6056,2.5,0.0,BD,8,-0.26793,8,-0.35716,0.4579,0.0,7.9,LP,6,0.51327,0,0,0,0.6,0.0,BD*,6,0.17733,1,0.18971,0.3944,2.5,0.0,BD*,8,-0.26793,8,-0.35716,0.5421,0.0,7.9
id:,5476,Ea:,111.45,Erxn:,85.73,BD,6,0.64298,8,-0.70621,0.3099,2.4,2.0,BD,8,-0.70621,1,0.49277,0.7563,3.4,0.0,BD,6,0.62943,1,0.14264,0.5884,1.7,0.0,BD*,6,0.64298,8,-0.70621,0.6901,2.4,2.0,BD*,8,-0.70621,1,0.49277,0.2437,3.4,0.0,BD*,6,0.62943,1,0.14264,0.4116,1.7,0.0,BD,8,-0.61659,6,1.04778,0.7045,0.0,0.0,BD,8,-0.61659,6,1.04778,0.6597,1.6,1.8,BD,8,-0.67704,1,0.50539,0.7584,3.9,0.0,BD,1,0.52194,8,-0.75206,0.2355,0.0,3.3,LP,6,0.06462,0,0,0,0.6,0.0,BD*,8,-0.61659,6,1.04778,0.2955,0.0,0.0,BD*,8,-0.61659,6,1.04778,0.3403,1.6,1.8,BD*,8,-0.67704,1,0.50539,0.2416,3.9,0.0,BD*,1,0.52194,8,-0.75206,0.7645,0.0,3.3
id:,5267,Ea:,145.32,Erxn:,106.78,BD,8,-0.72126,1,0.50504,0.7626,3.4,0.0,BD*,8,-0.72126,1,0.50504,0.2374,3.4,0.0,BD,6,0.18263,1,0.20243,0.6112,2.4,0.0,BD,8,-0.58784,6,0.64907,0.6748,2.1,2.6,BD,8,-0.32981,8,-0.30591,0.506,0.0,0.0,BD*,6,0.18263,1,0.20243,0.3888,2.4,0.0,BD*,8,-0.58784,6,0.64907,0.3252,2.1,2.6,BD*,8,-0.32981,8,-0.30591,0.494,0.0,0.0
id:,5436,Ea:,149.52,Erxn:,103.69,BD,6,0.64098,8,-0.57969,0.3304,3.5,2.8,BD,6,0.64098,8,-0.57969,0.323,6.8,5.7,BD,6,0.64098,1,0.1574,0.5948,1.7,0.0,BD,8,-0.71878,1,0.49775,0.7571,3.6,0.0,BD*,6,0.64098,8,-0.57969,0.6696,3.5,2.8,BD*,6,0.64098,8,-0.57969,0.677,6.8,5.7,BD*,6,0.64098,1,0.1574,0.4052,1.7,0.0,BD*,8,-0.71878,1,0.49775,0.2429,3.6,0.0,BD,8,-0.51104,1,0.49291,0.7494,3.5,0.0,BD,8,-0.51104,8,-0.30961,0.5101,7.9,9.4,BD,1,0.1867,6,0.18787,0.3956,0.0,2.5,LP,6,0.52444,0,0,0,0.2,0.0,BD*,8,-0.51104,1,0.49291,0.2506,3.5,0.0,BD*,8,-0.51104,8,-0.30961,0.4899,7.9,9.4,BD*,1,0.1867,6,0.18787,0.6044,0.0,2.5
id:,5510,Ea:,128.01,Erxn:,127.94,BD,6,0.64225,8,-0.71094,0.3078,2.4,2.0,BD,8,-0.71152,1,0.48593,0.7523,3.6,0.0,BD*,6,0.64225,8,-0.71094,0.6922,2.4,2.0,BD*,8,-0.71152,1,0.48593,0.2477,3.6,0.0,BD,8,-0.94797,1,0.47505,0.7388,3.4,0.0,BD*,8,-0.94797,1,0.47505,0.2612,3.4,0.0
id:,5550,Ea:,125.61,Erxn:,33.70,BD,6,0.64166,1,0.1575,0.5944,1.7,0.0,BD,6,0.6356,1,0.15227,0.5922,1.7,0.0,BD*,6,0.64166,1,0.1575,0.4056,1.7,0.0,BD*,6,0.6356,1,0.15227,0.4078,1.7,0.0,BD,6,0.7358,6,0.73474,0.5006,1.8,1.8,BD,1,0.00566,1,-0.00858,0.4964,0.0,0.0,BD*,6,0.7358,6,0.73474,0.4994,1.8,1.8,BD*,1,0.00566,1,-0.00858,0.5036,0.0,0.0
id:,5869,Ea:,52.77,Erxn:,17.42,BD,8,-0.70148,1,0.50049,0.7598,3.5,0.0,BD,6,0.63888,1,0.16048,0.5957,1.7,0.0,BD,8,-0.70633,1,0.50309,0.7594,3.6,0.0,BD*,8,-0.70148,1,0.50049,0.2402,3.5,0.0,BD*,6,0.63888,1,0.16048,0.4043,1.7,0.0,BD*,8,-0.70633,1,0.50309,0.2406,3.6,0.0,BD,8,-0.71403,1,0.51194,0.7687,3.3,0.0,BD,1,0.01124,1,-0.01574,0.4931,0.0,0.0,BD*,8,-0.71403,1,0.51194,0.2313,3.3,0.0,BD*,1,0.01124,1,-0.01574,0.5069,0.0,0.0
id:,6305,Ea:,110.24,Erxn:,92.52,BD,6,0.65109,1,0.12383,0.5794,1.7,0.0,BD*,6,0.65109,1,0.12383,0.4206,1.7,0.0,BD,8,-0.84468,1,0.4984,0.7539,3.3,0.0,BD,8,-0.58621,6,1.07138,0.6843,2.2,2.1,LP,6,0.02164,0,0,0,0.6,0.0,BD*,8,-0.84468,1,0.4984,0.2461,3.3,0.0,BD*,8,-0.58621,6,1.07138,0.3157,2.2,2.1
id:,6146,Ea:,134.75,Erxn:,134.29,BD,6,0.64008,8,-0.72283,0.3104,2.4,2.0,BD*,6,0.64008,8,-0.72283,0.6896,2.4,2.0,BD,6,0.6509,8,-0.72579,0.3236,3.2,2.4,BD*,6,0.6509,8,-0.72579,0.6764,3.2,2.4
